6.15628e+00
 6.14992e+00
 6.14356e+00
 6.13720e+00
 6.13084e+00
 6.12448e+00
 6.11812e+00
 6.11176e+00
 6.10540e+00
 6.09905e+00
 6.09269e+00
 6.08633e+00
 6.07997e+00
 6.07361e+00
 6.06726e+00
 6.06090e+00
 6.05454e+00
 6.04819e+00
 6.04183e+00
 6.03547e+00
 6.02912e+00
 6.02276e+00
 6.01641e+00
 6.01005e+00
 6.00370e+00
 5.99735e+00
 5.99099e+00
 5.98464e+00
 5.97829e+00
 5.97194e+00
 5.96559e+00
 5.95924e+00
 5.95289e+00
 5.94654e+00
 5.94019e+00
 5.93384e+00
 5.92750e+00
 5.92115e+00
 5.91481e+00
 5.90846e+00
 5.90212e+00
 5.89577e+00
 5.88943e+00
 5.88309e+00
 5.87675e+00
 5.87041e+00
 5.86407e+00
 5.85773e+00
 5.85139e+00
 5.84505e+00
 5.83872e+00
 5.83238e+00
 5.82605e+00
 5.81971e+00
 5.81338e+00
 5.80705e+00
 5.80072e+00
 5.79439e+00
 5.78806e+00
 5.78174e+00
 5.77541e+00
 5.76909e+00
 5.76276e+00
 5.75644e+00
 5.75012e+00
 5.74380e+00
 5.73748e+00
 5.73116e+00
 5.72484e+00
 5.71853e+00
 5.71221e+00
 5.70590e+00
 5.69959e+00
 5.69328e+00
 5.68697e+00
 5.68066e+00
 5.67435e+00
 5.66805e+00
 5.66175e+00
 5.65544e+00
 5.64914e+00
 5.64284e+00
 5.63655e+00
 5.63025e+00
 5.62395e+00
 5.61766e+00
 5.61137e+00
 5.60508e+00
 5.59879e+00
 5.59250e+00
 5.58622e+00
 5.57993e+00
 5.57365e+00
 5.56737e+00
 5.56109e+00
 5.55481e+00
 5.54854e+00
 5.54226e+00
 5.53599e+00
 5.52972e+00
 5.52345e+00
 5.51719e+00
 5.51092e+00
 5.50466e+00
 5.49840e+00
 5.49214e+00
 5.48588e+00
 5.47962e+00
 5.47337e+00
 5.46712e+00
 5.46087e+00
 5.45462e+00
 5.44837e+00
 5.44213e+00
 5.43589e+00
 5.42965e+00
 5.42341e+00
 5.41718e+00
 5.41094e+00
 5.40471e+00
 5.39848e+00
 5.39225e+00
 5.38603e+00
 5.37981e+00
 5.37359e+00
 5.36737e+00
 5.36115e+00
 5.35494e+00
 5.34872e+00
 5.34252e+00
 5.33631e+00
 5.33010e+00
 5.32390e+00
 5.31770e+00
 5.31150e+00
 5.30531e+00
 5.29911e+00
 5.29292e+00
 5.28674e+00
 5.28055e+00
 5.27437e+00
 5.26819e+00
 5.26201e+00
 5.25583e+00
 5.24966e+00
 5.24349e+00
 5.23732e+00
 5.23115e+00
 5.22499e+00
 5.21883e+00
 5.21267e+00
 5.20652e+00
 5.20037e+00
 5.19422e+00
 5.18807e+00
 5.18193e+00
 5.17579e+00
 5.16965e+00
 5.16351e+00
 5.15738e+00
 5.15125e+00
 5.14512e+00
 5.13900e+00
 5.13288e+00
 5.12676e+00
 5.12064e+00
 5.11453e+00
 5.10842e+00
 5.10231e+00
 5.09621e+00
 5.09011e+00
 5.08401e+00
 5.07791e+00
 5.07182e+00
 5.06573e+00
 5.05965e+00
 5.05356e+00
 5.04749e+00
 5.04141e+00
 5.03534e+00
 5.02927e+00
 5.02320e+00
 5.01714e+00
 5.01107e+00
 5.00502e+00
 4.99896e+00
 4.99291e+00
 4.98687e+00
 4.98082e+00
 4.97478e+00
 4.96874e+00
 4.96271e+00
 4.95668e+00
 4.95065e+00
 4.94463e+00
 4.93861e+00
 4.93259e+00
 4.92658e+00
 4.92057e+00
 4.91456e+00
 4.90856e+00
 4.90256e+00
 4.89656e+00
 4.89057e+00
 4.88458e+00
 4.87859e+00
 4.87261e+00
 4.86663e+00
 4.86066e+00
 4.85469e+00
 4.84872e+00
 4.84276e+00
 4.83680e+00
 4.83084e+00
 4.82489e+00
 4.81894e+00
 4.81300e+00
 4.80706e+00
 4.80112e+00
 4.79519e+00
 4.78926e+00
 4.78333e+00
 4.77741e+00
 4.77149e+00
 4.76558e+00
 4.75967e+00
 4.75376e+00
 4.74786e+00
 4.74196e+00
 4.73607e+00
 4.73018e+00
 4.72429e+00
 4.71841e+00
 4.71253e+00
 4.70666e+00
 4.70079e+00
 4.69493e+00
 4.68906e+00
 4.68321e+00
 4.67735e+00
 4.67151e+00
 4.66566e+00
 4.65982e+00
 4.65398e+00
 4.64815e+00
 4.64232e+00
 4.63650e+00
 4.63068e+00
 4.62487e+00
 4.61906e+00
 4.61325e+00
 4.60745e+00
 4.60165e+00
 4.59586e+00
 4.59007e+00
 4.58429e+00
 4.57851e+00
 4.57273e+00
 4.56696e+00
 4.56120e+00
 4.55544e+00
 4.54968e+00
 4.54393e+00
 4.53818e+00
 4.53244e+00
 4.52670e+00
 4.52096e+00
 4.51524e+00
 4.50951e+00
 4.50379e+00
 4.49808e+00
 4.49237e+00
 4.48666e+00
 4.48096e+00
 4.47526e+00
 4.46957e+00
 4.46388e+00
 4.45820e+00
 4.45253e+00
 4.44685e+00
 4.44119e+00
 4.43552e+00
 4.42987e+00
 4.42421e+00
 4.41857e+00
 4.41292e+00
 4.40729e+00
 4.40165e+00
 4.39603e+00
 4.39040e+00
 4.38478e+00
 4.37917e+00
 4.37356e+00
 4.36796e+00
 4.36236e+00
 4.35677e+00
 4.35119e+00
 4.34560e+00
 4.34003e+00
 4.33445e+00
 4.32889e+00
 4.32333e+00
 4.31777e+00
 4.31222e+00
 4.30667e+00
 4.30113e+00
 4.29560e+00
 4.29007e+00
 4.28455e+00
 4.27903e+00
 4.27351e+00
 4.26800e+00
 4.26250e+00
 4.25700e+00
 4.25151e+00
 4.24603e+00
 4.24054e+00
 4.23507e+00
 4.22960e+00
 4.22413e+00
 4.21868e+00
 4.21322e+00
 4.20777e+00
 4.20233e+00
 4.19689e+00
 4.19146e+00
 4.18604e+00
 4.18062e+00
 4.17520e+00
 4.16980e+00
 4.16439e+00
 4.15900e+00
 4.15360e+00
 4.14822e+00
 4.14284e+00
 4.13746e+00
 4.13210e+00
 4.12673e+00
 4.12138e+00
 4.11603e+00
 4.11068e+00
 4.10534e+00
 4.10001e+00
 4.09468e+00
 4.08936e+00
 4.08404e+00
 4.07873e+00
 4.07343e+00
 4.06813e+00
 4.06284e+00
 4.05756e+00
 4.05228e+00
 4.04700e+00
 4.04173e+00
 4.03647e+00
 4.03122e+00
 4.02597e+00
 4.02073e+00
 4.01549e+00
 4.01026e+00
 4.00503e+00
 3.99982e+00
 3.99460e+00
 3.98940e+00
 3.98420e+00
 3.97900e+00
 3.97382e+00
 3.96864e+00
 3.96346e+00
 3.95829e+00
 3.95313e+00
 3.94798e+00
 3.94283e+00
 3.93768e+00
 3.93255e+00
 3.92742e+00
 3.92229e+00
 3.91718e+00
 3.91207e+00
 3.90696e+00
 3.90187e+00
 3.89677e+00
 3.89169e+00
 3.88661e+00
 3.88154e+00
 3.87648e+00
 3.87142e+00
 3.86637e+00
 3.86132e+00
 3.85628e+00
 3.85125e+00
 3.84623e+00
 3.84121e+00
 3.83620e+00
 3.83119e+00
 3.82619e+00
 3.82120e+00
 3.81622e+00
 3.81124e+00
 3.80627e+00
 3.80130e+00
 3.79635e+00
 3.79140e+00
 3.78645e+00
 3.78152e+00
 3.77659e+00
 3.77166e+00
 3.76675e+00
 3.76184e+00
 3.75694e+00
 3.75204e+00
 3.74715e+00
 3.74227e+00
 3.73740e+00
 3.73253e+00
 3.72767e+00
 3.72282e+00
 3.71797e+00
 3.71313e+00
 3.70830e+00
 3.70348e+00
 3.69866e+00
 3.69385e+00
 3.68905e+00
 3.68425e+00
 3.67946e+00
 3.67468e+00
 3.66991e+00
 3.66514e+00
 3.66038e+00
 3.65563e+00
 3.65088e+00
 3.64614e+00
 3.64141e+00
 3.63669e+00
 3.63198e+00
 3.62727e+00
 3.62257e+00
 3.61787e+00
 3.61319e+00
 3.60851e+00
 3.60384e+00
 3.59917e+00
 3.59452e+00
 3.58987e+00
 3.58523e+00
 3.58059e+00
 3.57597e+00
 3.57135e+00
 3.56674e+00
 3.56214e+00
 3.55754e+00
 3.55295e+00
 3.54837e+00
 3.54380e+00
 3.53923e+00
 3.53468e+00
 3.53013e+00
 3.52559e+00
 3.52105e+00
 3.51652e+00
 3.51201e+00
 3.50750e+00
 3.50299e+00
 3.49850e+00
 3.49401e+00
 3.48953e+00
 3.48506e+00
 3.48059e+00
 3.47614e+00
 3.47169e+00
 3.46725e+00
 3.46282e+00
 3.45839e+00
 3.45398e+00
 3.44957e+00
 3.44517e+00
 3.44078e+00
 3.43639e+00
 3.43202e+00
 3.42765e+00
 3.42329e+00
 3.41894e+00
 3.41459e+00
 3.41026e+00
 3.40593e+00
 3.40161e+00
 3.39730e+00
 3.39300e+00
 3.38870e+00
 3.38441e+00
 3.38014e+00
 3.37586e+00
 3.37160e+00
 3.36735e+00
 3.36310e+00
 3.35887e+00
 3.35464e+00
 3.35042e+00
 3.34620e+00
 3.34200e+00
 3.33781e+00
 3.33362e+00
 3.32944e+00
 3.32527e+00
 3.32111e+00
 3.31695e+00
 3.31281e+00
 3.30867e+00
 3.30454e+00
 3.30043e+00
 3.29631e+00
 3.29221e+00
 3.28812e+00
 3.28403e+00
 3.27996e+00
 3.27589e+00
 3.27183e+00
 3.26778e+00
 3.26374e+00
 3.25970e+00
 3.25568e+00
 3.25166e+00
 3.24765e+00
 3.24365e+00
 3.23966e+00
 3.23568e+00
 3.23171e+00
 3.22775e+00
 3.22379e+00
 3.21984e+00
 3.21591e+00
 3.21198e+00
 3.20806e+00
 3.20415e+00
 3.20025e+00
 3.19635e+00
 3.19247e+00
 3.18859e+00
 3.18473e+00
 3.18087e+00
 3.17702e+00
 3.17318e+00
 3.16935e+00
 3.16553e+00
 3.16172e+00
 3.15791e+00
 3.15412e+00
 3.15033e+00
 3.14656e+00
 3.14279e+00
 3.13903e+00
 3.13528e+00
 3.13154e+00
 3.12781e+00
 3.12409e+00
 3.12038e+00
 3.11667e+00
 3.11298e+00
 3.10929e+00
 3.10562e+00
 3.10195e+00
 3.09830e+00
 3.09465e+00
 3.09101e+00
 3.08738e+00
 3.08376e+00
 3.08015e+00
 3.07655e+00
 3.07296e+00
 3.06937e+00
 3.06580e+00
 3.06224e+00
 3.05868e+00
 3.05514e+00
 3.05160e+00
 3.04808e+00
 3.04456e+00
 3.04105e+00
 3.03755e+00
 3.03407e+00
 3.03059e+00
 3.02712e+00
 3.02366e+00
 3.02021e+00
 3.01677e+00
 3.01334e+00
 3.00992e+00
 3.00651e+00
 3.00310e+00
 2.99971e+00
 2.99633e+00
 2.99296e+00
 2.98959e+00
 2.98624e+00
 2.98290e+00
 2.97956e+00
 2.97624e+00
 2.97292e+00
 2.96962e+00
 2.96633e+00
 2.96304e+00
 2.95976e+00
 2.95650e+00
 2.95324e+00
 2.95000e+00
 2.94676e+00
 2.94354e+00
 2.94032e+00
 2.93711e+00
 2.93392e+00
 2.93073e+00
 2.92756e+00
 2.92439e+00
 2.92123e+00
 2.91809e+00
 2.91495e+00
 2.91182e+00
 2.90871e+00
 2.90560e+00
 2.90250e+00
 2.89942e+00
 2.89634e+00
 2.89328e+00
 2.89022e+00
 2.88718e+00
 2.88414e+00
 2.88111e+00
 2.87810e+00
 2.87509e+00
 2.87210e+00
 2.86911e+00
 2.86614e+00
 2.86318e+00
 2.86022e+00
 2.85728e+00
 2.85435e+00
 2.85142e+00
 2.84851e+00
 2.84561e+00
 2.84272e+00
 2.83983e+00
 2.83696e+00
 2.83410e+00
 2.83125e+00
 2.82841e+00
 2.82558e+00
 2.82276e+00
 2.81995e+00
 2.81715e+00
 2.81437e+00
 2.81159e+00
 2.80882e+00
 2.80606e+00
 2.80332e+00
 2.80058e+00
 2.79786e+00
 2.79514e+00
 2.79244e+00
 2.78975e+00
 2.78706e+00
 2.78439e+00
 2.78173e+00
 2.77908e+00
 2.77644e+00
 2.77381e+00
 2.77119e+00
 2.76858e+00
 2.76599e+00
 2.76340e+00
 2.76082e+00
 2.75826e+00
 2.75570e+00
 2.75316e+00
 2.75063e+00
 2.74810e+00
 2.74559e+00
 2.74309e+00
 2.74060e+00
 2.73812e+00
 2.73565e+00
 2.73320e+00
 2.73075e+00
 2.72832e+00
 2.72589e+00
 2.72348e+00
 2.72107e+00
 2.71868e+00
 2.71630e+00
 2.71393e+00
 2.71157e+00
 2.70923e+00
 2.70689e+00
 2.70456e+00
 2.70225e+00
 2.69994e+00
 2.69765e+00
 2.69537e+00
 2.69310e+00
 2.69084e+00
 2.68859e+00
 2.68635e+00
 2.68413e+00
 2.68191e+00
 2.67971e+00
 2.67752e+00
 2.67534e+00
 2.67317e+00
 2.67101e+00
 2.66886e+00
 2.66672e+00
 2.66460e+00
 2.66248e+00
 2.66038e+00
 2.65829e+00
 2.65621e+00
 2.65414e+00
 2.65208e+00
 2.65004e+00
 2.64800e+00
 2.64598e+00
 2.64396e+00
 2.64196e+00
 2.63997e+00
 2.63800e+00
 2.63603e+00
 2.63407e+00
 2.63213e+00
 2.63020e+00
 2.62828e+00
 2.62637e+00
 2.62447e+00
 2.62258e+00
 2.62071e+00
 2.61885e+00
 2.61699e+00
 2.61515e+00
 2.61332e+00
 2.61151e+00
 2.60970e+00
 2.60791e+00
 2.60613e+00
 2.60435e+00
 2.60260e+00
 2.60085e+00
 2.59911e+00
 2.59739e+00
 2.59568e+00
 2.59397e+00
 2.59229e+00
 2.59061e+00
 2.58894e+00
 2.58729e+00
 2.58565e+00
 2.58402e+00
 2.58240e+00
 2.58079e+00
 2.57920e+00
 2.57761e+00
 2.57604e+00
 2.57448e+00
 2.57293e+00
 2.57140e+00
 2.56987e+00
 2.56836e+00
 2.56686e+00
 2.56537e+00
 2.56390e+00
 2.56243e+00
 2.56098e+00
 2.55954e+00
 2.55811e+00
 2.55669e+00
 2.55529e+00
 2.55390e+00
 2.55252e+00
 2.55115e+00
 2.54979e+00
 2.54845e+00
 2.54711e+00
 2.54579e+00
 2.54449e+00
 2.54319e+00
 2.54190e+00
 2.54063e+00
 2.53937e+00
 2.53812e+00
 2.53689e+00
 2.53567e+00
 2.53445e+00
 2.53325e+00
 2.53207e+00
 2.53089e+00
 2.52973e+00
 2.52858e+00
 2.52744e+00
 2.52632e+00
 2.52520e+00
 2.52410e+00
 2.52301e+00
 2.52194e+00
 2.52087e+00
 2.51982e+00
 2.51878e+00
 2.51775e+00
 2.51674e+00
 2.51573e+00
 2.51474e+00
 2.51376e+00
 2.51280e+00
 2.51185e+00
 2.51090e+00
 2.50998e+00
 2.50906e+00
 2.50816e+00
 2.50727e+00
 2.50639e+00
 2.50552e+00
 2.50467e+00
 2.50383e+00
 2.50300e+00
 2.50218e+00
 2.50138e+00
 2.50059e+00
 2.49981e+00
 2.49904e+00
 2.49829e+00
 2.49755e+00
 2.49682e+00
 2.49610e+00
 2.49540e+00
 2.49471e+00
 2.49403e+00
 2.49337e+00
 2.49272e+00
 2.49208e+00
 2.49145e+00
 2.49083e+00
 2.49023e+00
 2.48964e+00
 2.48907e+00
 2.48850e+00
 2.48795e+00
 2.48742e+00
 2.48689e+00
 2.48638e+00
 2.48588e+00
 2.48539e+00
 2.48492e+00
 2.48446e+00
 2.48401e+00
 2.48357e+00
 2.48315e+00
 2.48274e+00
 2.48234e+00
 2.48196e+00
 2.48159e+00
 2.48123e+00
 2.48088e+00
 2.48055e+00
 2.48023e+00
 2.47993e+00
 2.47963e+00
 2.47935e+00
 2.47908e+00
 2.47883e+00
 2.47859e+00
 2.47836e+00
 2.47814e+00
 2.47794e+00
 2.47775e+00
 2.47757e+00
 2.47741e+00
 2.47726e+00
 2.47712e+00
 2.47700e+00
 2.47689e+00
 2.47679e+00
 2.47670e+00
 2.47663e+00
 2.47657e+00
 2.47653e+00
 2.47650e+00
 2.47648e+00
 2.47647e+00
 2.47648e+00
 2.47650e+00
 2.47653e+00
 2.47658e+00
 2.47664e+00
 2.47671e+00
 2.47680e+00
 2.47690e+00
 2.47701e+00
 2.47714e+00
 2.47728e+00
 2.47743e+00
 2.47759e+00
 2.47777e+00
 2.47797e+00
 2.47817e+00
 2.47839e+00
 2.47863e+00
 2.47887e+00
 2.47913e+00
 2.47940e+00
 2.47969e+00
 2.47999e+00
 2.48030e+00
 2.48063e+00
 2.48097e+00
 2.48132e+00
 2.48169e+00
 2.48207e+00
 2.48246e+00
 2.48287e+00
 2.48329e+00
 2.48373e+00
 2.48417e+00
 2.48463e+00
 2.48511e+00
 2.48560e+00
 2.48610e+00
 2.48661e+00
 2.48714e+00
 2.48769e+00
 2.48824e+00
 2.48881e+00
 2.48940e+00
 2.48999e+00
 2.49060e+00
 2.49123e+00
 2.49186e+00
 2.49252e+00
 2.49318e+00
 2.49386e+00
 2.49455e+00
 2.49526e+00
 2.49598e+00
 2.49671e+00
 2.49746e+00
 2.49822e+00
 2.49899e+00
 2.49978e+00
 2.50058e+00
 2.50140e+00
 2.50223e+00
 2.50307e+00
 2.50393e+00
 2.50480e+00
 2.50569e+00
 2.50658e+00
 2.50750e+00
 2.50842e+00
 2.50936e+00
 2.51032e+00
 2.51128e+00
 2.51227e+00
 2.51326e+00
 2.51427e+00
 2.51529e+00
 2.51633e+00
 2.51738e+00
 2.51845e+00
 2.51953e+00
 2.52062e+00
 2.52172e+00
 2.52285e+00
 2.52398e+00
 2.52513e+00
 2.52629e+00
 2.52747e+00
 2.52866e+00
 2.52986e+00
 2.53108e+00
 2.53231e+00
 2.53356e+00
 2.53482e+00
 2.53610e+00
 2.53738e+00
 2.53869e+00
 2.54000e+00
 2.54133e+00
 2.54268e+00
 2.54404e+00
 2.54541e+00
 2.54680e+00
 2.54820e+00
 2.54962e+00
 2.55105e+00
 2.55249e+00
 2.55395e+00
 2.55542e+00
 2.55691e+00
 2.55841e+00
 2.55992e+00
 2.56145e+00
 2.56299e+00
 2.56455e+00
 2.56612e+00
 2.56771e+00
 2.56931e+00
 2.57092e+00
 2.57255e+00
 2.57419e+00
 2.57585e+00
 2.57752e+00
 2.57920e+00
 2.58090e+00
 2.58262e+00
 2.58435e+00
 2.58609e+00
 2.58785e+00
 2.58962e+00
 2.59140e+00
 2.59320e+00
 2.59502e+00
 2.59685e+00
 2.59869e+00
 2.60055e+00
 2.60242e+00
 2.60431e+00
 2.60621e+00
 2.60812e+00
 2.61005e+00
 2.61199e+00
 2.61395e+00
 2.61593e+00
 2.61791e+00
 2.61991e+00
 2.62193e+00
 2.62396e+00
 2.62601e+00
 2.62807e+00
 2.63014e+00
 2.63223e+00
 2.63433e+00
 2.63645e+00
 2.63858e+00
 2.64073e+00
 2.64289e+00
 2.64506e+00
 2.64725e+00
 2.64946e+00
 2.65168e+00
 2.65391e+00
 2.65616e+00
 2.65842e+00
 2.66070e+00
 2.66299e+00
 2.66530e+00
 2.66762e+00
 2.66996e+00
 2.67231e+00
 2.67468e+00
 2.67706e+00
 2.67945e+00
 2.68186e+00
 2.68428e+00
 2.68672e+00
 2.68918e+00
 2.69164e+00
 2.69413e+00
 2.69662e+00
 2.69914e+00
 2.70166e+00
 2.70421e+00
 2.70676e+00
 2.70933e+00
 2.71192e+00
 2.71452e+00
 2.71714e+00
 2.71977e+00
 2.72241e+00
 2.72507e+00
 2.72775e+00
 2.73044e+00
 2.73314e+00
 2.73586e+00
 2.73859e+00
 2.74134e+00
 2.74410e+00
 2.74688e+00
 2.74968e+00
 2.75248e+00
 2.75531e+00
 2.75814e+00
 2.76100e+00
 2.76387e+00
 2.76675e+00
 2.76964e+00
 2.77256e+00
 2.77548e+00
 2.77843e+00
 2.78138e+00
 2.78436e+00
 2.78734e+00
 2.79034e+00
 2.79336e+00
 2.79639e+00
 2.79944e+00
 2.80250e+00
 2.80558e+00
 2.80867e+00
 2.81178e+00
 2.81490e+00
 2.81803e+00
 2.82119e+00
 2.82435e+00
 2.82753e+00
 2.83073e+00
 2.83394e+00
 2.83717e+00
 2.84041e+00
 2.84367e+00
 2.84694e+00
 2.85023e+00
 2.85353e+00
 2.85685e+00
 2.86018e+00
 2.86352e+00
 2.86689e+00
 2.87026e+00
 2.87366e+00
 2.87706e+00
 2.88049e+00
 2.88393e+00
 2.88738e+00
 2.89085e+00
 2.89433e+00
 2.89783e+00
 2.90134e+00
 2.90487e+00
 2.90842e+00
 2.91197e+00
 2.91555e+00
 2.91914e+00
 2.92274e+00
 2.92636e+00
 2.93000e+00
 2.93365e+00
 2.93731e+00
 2.94100e+00
 2.94469e+00
 2.94840e+00
 2.95213e+00
 2.95587e+00
 2.95963e+00
 2.96340e+00
 2.96719e+00
 2.97099e+00
 2.97481e+00
 2.97864e+00
 2.98249e+00
 2.98635e+00
 2.99023e+00
 2.99413e+00
 2.99804e+00
 3.00196e+00
 3.00590e+00
 3.00986e+00
 3.01383e+00
 3.01782e+00
 3.02182e+00
 3.02584e+00
 3.02987e+00
 3.03392e+00
 3.03798e+00
 3.04206e+00
 3.04615e+00
 3.05026e+00
 3.05439e+00
 3.05853e+00
 3.06268e+00
 3.06686e+00
 3.07104e+00
 3.07524e+00
 3.07946e+00
 3.08369e+00
 3.08794e+00
 3.09221e+00
 3.09648e+00
 3.10078e+00
 3.10509e+00
 3.10941e+00
 3.11376e+00
 3.11811e+00
 3.12248e+00
 3.12687e+00
 3.13127e+00
 3.13569e+00
 3.14013e+00
 3.14458e+00
 3.14904e+00
 3.15352e+00
 3.15802e+00
 3.16253e+00
 3.16705e+00
 3.17160e+00
 3.17615e+00
 3.18073e+00
 3.18532e+00
 3.18992e+00
 3.19454e+00
 3.19918e+00
 3.20383e+00
 3.20850e+00
 3.21318e+00
 3.21788e+00
 3.22259e+00
 3.22732e+00
 3.23206e+00
 3.23682e+00
 3.24160e+00
 3.24639e+00
 3.25120e+00
 3.25602e+00
 3.26086e+00
 3.26571e+00
 3.27058e+00
 3.27547e+00
 3.28037e+00
 3.28529e+00
 3.29022e+00
 3.29517e+00
 3.30013e+00
 3.30511e+00
 3.31011e+00
 3.31512e+00
 3.32014e+00
 3.32518e+00
 3.33024e+00
 3.33532e+00
 3.34040e+00
 3.34551e+00
 3.35063e+00
 3.35577e+00
 3.36092e+00
 3.36609e+00
 3.37127e+00
 3.37647e+00
 3.38168e+00
 3.38691e+00
 3.39216e+00
 3.39742e+00
 3.40270e+00
 3.40799e+00
 3.41330e+00
 3.41863e+00
 3.42397e+00
 3.42933e+00
 3.43470e+00
 3.44009e+00
 3.44549e+00
 3.45091e+00
 3.45635e+00
 3.46180e+00
 3.46726e+00
 3.47275e+00
 3.47825e+00
 3.48376e+00
 3.48929e+00
 3.49484e+00
 3.50040e+00
 3.50598e+00
 3.51157e+00
 3.51718e+00
 3.52281e+00
 3.52845e+00
 3.53410e+00
 3.53978e+00
 3.54547e+00
 3.55117e+00
 3.55689e+00
 3.56263e+00
 3.56838e+00
 3.57415e+00
 3.57993e+00
 3.58573e+00
 3.59155e+00
 3.59738e+00
 3.60323e+00
 3.60909e+00
 3.61497e+00
 3.62087e+00
 3.62678e+00
 3.63270e+00
 3.63865e+00
 3.64461e+00
 3.65058e+00
 3.65657e+00
 3.66258e+00
 3.66860e+00
 3.67464e+00
 3.68069e+00
 3.68676e+00
 3.69285e+00
 3.69895e+00
 3.70507e+00
 3.71121e+00
 3.71736e+00
 3.72352e+00
 3.72971e+00
 3.73590e+00
 3.74212e+00
 3.74835e+00
 3.75459e+00
 3.76086e+00
 3.76713e+00
 3.77343e+00
 3.77974e+00
 3.78607e+00
 3.79241e+00
 3.79877e+00
 3.80514e+00
 3.81153e+00
 3.81794e+00
 3.82436e+00
 3.83080e+00
 3.83725e+00
 3.84372e+00
 3.85021e+00
 3.85671e+00
 3.86323e+00
 3.86976e+00
 3.87631e+00
 3.88288e+00
 3.88946e+00
 3.89606e+00
 3.90268e+00
 3.90931e+00
 3.91595e+00
 3.92262e+00
 3.92930e+00
 3.93599e+00
 3.94270e+00
 3.94943e+00
 3.95617e+00
 3.96293e+00
 3.96971e+00
 3.97650e+00
 3.98331e+00
 3.99013e+00
 3.99697e+00
 4.00383e+00
 4.01070e+00
 4.01759e+00
 4.02449e+00
 4.03141e+00
 4.03835e+00
 4.04530e+00
 4.05227e+00
 4.05925e+00
 4.06626e+00
 4.07327e+00
 4.08031e+00
 4.08735e+00
 4.09442e+00
 4.10150e+00
 4.10860e+00
 4.11571e+00
 4.12284e+00
 4.12999e+00
 4.13715e+00
 4.14433e+00
 4.15153e+00
 4.15874e+00
 4.16596e+00
 4.17321e+00
 4.18047e+00
 4.18774e+00
 4.19503e+00
 4.20234e+00
 4.20967e+00
 4.21701e+00
 4.22436e+00
 4.23173e+00
 4.23912e+00
 4.24653e+00
 4.25395e+00
 4.26139e+00
 4.26884e+00
 4.27631e+00
 4.28380e+00
 4.29130e+00
 4.29882e+00
 4.30635e+00
 4.31390e+00
 4.32147e+00
 4.32905e+00
 4.33665e+00
 4.34427e+00
 4.35190e+00
 4.35955e+00
 4.36721e+00
 4.37489e+00
 4.38259e+00
 4.39030e+00
 4.39803e+00
 4.40577e+00
 4.41354e+00
 4.42131e+00
 4.42911e+00
 4.43692e+00
 4.44474e+00
 4.45259e+00
 4.46045e+00
 4.46832e+00
 4.47621e+00
 4.48412e+00
 4.49204e+00
 4.49999e+00
 4.50794e+00
 4.51591e+00
 4.52390e+00
 4.53191e+00
 4.53993e+00
 4.54797e+00
 4.55602e+00
 4.56409e+00
 4.57218e+00
 4.58028e+00
 4.58840e+00
 4.59654e+00
 4.60469e+00
 4.61286e+00
 4.62104e+00
 4.62924e+00
 4.63746e+00
 4.64569e+00
 4.65394e+00
 4.66221e+00
 4.67049e+00
 4.67879e+00
 4.68710e+00
 4.69543e+00
 4.70378e+00
 4.71214e+00
 4.72052e+00
 4.72892e+00
 4.73733e+00
 4.74576e+00
 4.75420e+00
 4.76266e+00
 4.77114e+00
 4.77963e+00
 4.78814e+00
 4.79667e+00
 4.80521e+00
 4.81377e+00
 4.82235e+00
 4.83094e+00
 4.83955e+00
 4.84817e+00
 4.85681e+00
 4.86547e+00
 4.87414e+00
 4.88283e+00
 4.89154e+00
 4.90026e+00
 4.90900e+00
 4.91775e+00
 4.92652e+00
 4.93531e+00
 4.94411e+00
 4.95293e+00
 4.96177e+00
 4.97062e+00
 4.97949e+00
 4.98838e+00
 4.99728e+00
 5.00620e+00
 5.01513e+00
 5.02408e+00
 5.03305e+00
 5.04203e+00
 5.05103e+00
 5.06005e+00
 5.06908e+00
 5.07813e+00
 5.08719e+00
 5.09628e+00
 5.10537e+00
 5.11449e+00
 5.12362e+00
 5.13276e+00
 5.14193e+00
 5.15111e+00
 5.16030e+00
 5.16951e+00
 5.17874e+00
 5.18799e+00
 5.19725e+00
 5.20653e+00
 5.21582e+00
 5.22513e+00
 5.23446e+00
 5.24380e+00
 5.25316e+00
 5.26253e+00
 5.27193e+00
 5.28133e+00
 5.29076e+00
 5.30020e+00
 5.30966e+00
 5.31913e+00
 5.32862e+00
 5.33813e+00
 5.34765e+00
 5.35719e+00
 5.36674e+00
 5.37632e+00
 5.38590e+00
 5.39551e+00
 5.40513e+00
 5.41477e+00
 5.42442e+00
 5.43409e+00
 5.44378e+00
 5.45348e+00
 5.46320e+00
 5.47293e+00
 5.48268e+00
 5.49245e+00
 5.50224e+00
 5.51204e+00
 5.52185e+00
 5.53169e+00
 5.54154e+00
 5.55140e+00
 5.56129e+00
 5.57118e+00
 5.58110e+00
 5.59103e+00
 5.60098e+00
 5.61094e+00
 5.62092e+00
 5.63092e+00
 5.64093e+00
 5.65096e+00
 5.66101e+00
 5.67107e+00
 5.68115e+00
 5.69125e+00
 5.70136e+00
 5.71148e+00
 5.72163e+00
 5.73179e+00
 5.74197e+00
 5.75216e+00
 5.76237e+00
 5.77259e+00
 5.78284e+00
 5.79309e+00
 5.80337e+00
 5.81366e+00
 5.82397e+00
 5.83429e+00
 5.84463e+00
 5.85499e+00
 5.86536e+00
 5.87575e+00
 5.88616e+00
 5.89658e+00
 5.90702e+00
 5.91747e+00
 5.92794e+00
 5.93843e+00
 5.94893e+00
 5.95946e+00
 5.96999e+00
 5.98054e+00
 5.99111e+00
 6.00170e+00
 6.01230e+00
 6.02292e+00
 6.03355e+00
 6.04420e+00
 6.05487e+00
 6.06555e+00
 6.07625e+00
 6.08697e+00
 6.09770e+00
 6.10845e+00
 6.11922e+00
 6.13000e+00
 6.14080e+00
 6.15161e+00
 6.16244e+00
 6.17329e+00
 6.18415e+00
 6.19503e+00
 6.20593e+00
 6.21684e+00
 6.22777e+00
 6.23871e+00
 6.24967e+00
 6.26065e+00
 6.27164e+00
 6.28265e+00
 6.29368e+00
 6.30472e+00
 6.31578e+00
 6.32686e+00
 6.33795e+00
 6.34906e+00
 6.36018e+00
 6.37132e+00
 6.38248e+00
 6.39365e+00
 6.40484e+00
 6.41605e+00
 6.42727e+00
 6.43851e+00
 6.44976e+00
 6.46104e+00
 6.47232e+00
 6.48363e+00
 6.49495e+00
 6.50628e+00
 6.51764e+00
 6.52900e+00
 6.54039e+00
 6.55179e+00
 6.56321e+00
 6.57464e+00
 6.58609e+00
 6.59756e+00
 6.60904e+00
 6.62054e+00
 6.63206e+00
 6.64359e+00
 6.65514e+00
 6.66670e+00
 6.67828e+00
 6.68988e+00
 6.70149e+00
 6.71312e+00
 6.72477e+00
 6.73643e+00
 6.74811e+00
 6.75980e+00
 6.77151e+00
 6.78324e+00
 6.79498e+00
 6.80674e+00
 6.81852e+00
 6.83031e+00
 6.84212e+00
 6.85394e+00
 6.86579e+00
 6.87764e+00
 6.88952e+00
 6.90141e+00
 6.91331e+00
 6.92523e+00
 6.93717e+00
 6.94913e+00
 6.96110e+00
 6.97308e+00
 6.98509e+00
 6.99711e+00
 7.00914e+00
 7.02120e+00
 7.03326e+00
 7.04535e+00
 7.05745e+00
 7.06957e+00
 7.08170e+00
 7.09385e+00
 7.10601e+00
 7.11820e+00
 7.13039e+00
 7.14261e+00
 7.15484e+00
 7.16708e+00
 7.17935e+00
 7.19163e+00
 7.20392e+00
 7.21623e+00
 7.22856e+00
 7.24091e+00
 7.25327e+00
 7.26564e+00
 7.27803e+00
 7.29044e+00
 7.30287e+00
 7.31531e+00
 7.32777e+00
 7.34024e+00
 7.35273e+00
 7.36523e+00
 7.37776e+00
 7.39029e+00
 7.40285e+00
 7.41542e+00
 7.42801e+00
 7.44061e+00
 7.45323e+00
 7.46586e+00
 7.47851e+00
 7.49118e+00
 7.50386e+00
 7.51656e+00
 7.52928e+00
 7.54201e+00
 7.55476e+00
 7.56752e+00
 7.58030e+00
 7.59310e+00
 7.60591e+00
 7.61874e+00
 7.63159e+00
 7.64445e+00
 7.65733e+00
 7.67022e+00
 7.68313e+00
 7.69605e+00
 7.70899e+00
 7.72195e+00
 7.73493e+00
 7.74792e+00
 7.76092e+00
 7.77394e+00
 7.78698e+00
 7.80004e+00
 7.81311e+00
 7.82619e+00
 7.83930e+00
 7.85242e+00
 7.86555e+00
 7.87870e+00
 7.89187e+00
 7.90505e+00
 7.91825e+00
 7.93146e+00
 7.94470e+00
 7.95794e+00
 7.97121e+00
 7.98449e+00
 7.99778e+00
 8.01109e+00
 8.02442e+00
 8.03776e+00
 8.05112e+00
 8.06450e+00
 8.07789e+00
 8.09130e+00
 8.10472e+00
 8.11816e+00
 8.13162e+00
 8.14509e+00
 8.15858e+00
 8.17208e+00
 8.18560e+00
 8.19914e+00
 8.21269e+00
 8.22626e+00
 8.23984e+00
 8.25344e+00
 8.26706e+00
 8.28069e+00
 8.29434e+00
 8.30800e+00
 8.32168e+00
 8.33538e+00
 8.34909e+00
 8.36281e+00
 8.37656e+00
 8.39032e+00
 8.40409e+00
 8.41789e+00
 8.43169e+00
 8.44552e+00
 8.45936e+00
 8.47321e+00
 8.48708e+00
 8.50097e+00
 8.51487e+00
 8.52879e+00
 8.54273e+00
 8.55668e+00
 8.57065e+00
 8.58463e+00
 8.59863e+00
 8.61264e+00
 8.62667e+00
 8.64072e+00
 8.65478e+00
 8.66886e+00
 8.68295e+00
 8.69706e+00
 8.71119e+00
 8.72533e+00
 8.73949e+00
 8.75366e+00
 8.76785e+00
 8.78206e+00
 8.79628e+00
 8.81052e+00
 8.82477e+00
 8.83904e+00
 8.85332e+00
 8.86762e+00
 8.88194e+00
 8.89627e+00
 8.91062e+00
 8.92498e+00
 8.93936e+00
 8.95376e+00
 8.96817e+00
 8.98260e+00
 8.99704e+00
 9.01150e+00
 9.02598e+00
 9.04047e+00
 9.05497e+00
 9.06949e+00
 9.08403e+00
 9.09859e+00
 9.11316e+00
 9.12774e+00
 9.14234e+00
 9.15696e+00
 9.17159e+00
 9.18624e+00
 9.20090e+00
 9.21558e+00
 9.23028e+00
 9.24499e+00
 9.25972e+00
 9.27446e+00
 9.28922e+00
 9.30399e+00
 9.31878e+00
 9.33359e+00
 9.34841e+00
 9.36325e+00
 9.37810e+00
 9.39297e+00
 9.40786e+00
 9.42276e+00
 9.43767e+00
 9.45260e+00
 9.46755e+00
 9.48251e+00
 9.49749e+00
 9.51249e+00
 9.52750e+00
 9.54252e+00
 9.55756e+00
 9.57262e+00
 9.58769e+00
 9.60278e+00
 9.61789e+00
 9.63301e+00
 9.64814e+00
 9.66329e+00
 9.67846e+00
 9.69364e+00
 9.70884e+00
 9.72405e+00
 9.73928e+00
 9.75453e+00
 9.76979e+00
 9.78506e+00
 9.80036e+00
 9.81566e+00
 9.83099e+00
 9.84632e+00
 9.86168e+00
 9.87705e+00
 9.89243e+00
 9.90783e+00
 9.92325e+00
 9.93868e+00
 9.95413e+00
 9.96959e+00
 9.98507e+00
 1.00006e+01
 1.00161e+01
 1.00316e+01
 1.00471e+01
 1.00627e+01
 1.00783e+01
 1.00939e+01
 1.01095e+01
 1.01251e+01
 1.01407e+01
 1.01564e+01
 1.01720e+01
 1.01877e+01
 1.02034e+01
 1.02191e+01
 1.02348e+01
 1.02506e+01
 1.02663e+01
 1.02821e+01
 1.02979e+01
 1.03137e+01
 1.03295e+01
 1.03454e+01
 1.03612e+01
 1.03771e+01
 1.03930e+01
 1.04089e+01
 1.04248e+01
 1.04407e+01
 1.04566e+01
 1.04726e+01
 1.04886e+01
 1.05046e+01
 1.05206e+01
 1.05366e+01
 1.05526e+01
 1.05687e+01
 1.05847e+01
 1.06008e+01
 1.06169e+01
 1.06330e+01
 1.06492e+01
 1.06653e+01
 1.06815e+01
 1.06976e+01
 1.07138e+01
 1.07300e+01
 1.07462e+01
 1.07625e+01
 1.07787e+01
 1.07950e+01
 1.08113e+01
 1.08276e+01
 1.08439e+01
 1.08602e+01
 1.08766e+01
 1.08929e+01
 1.09093e+01
 1.09257e+01
 1.09421e+01
 1.09585e+01
 1.09749e+01
 1.09914e+01
 1.10078e+01
 1.10243e+01
 1.10408e+01
 1.10573e+01
 1.10739e+01
 1.10904e+01
 1.11069e+01
 1.11235e+01
 1.11401e+01
 1.11567e+01
 1.11733e+01
 1.11900e+01
 1.12066e+01
 1.12233e+01
 1.12399e+01
 1.12566e+01
 1.12733e+01
 1.12901e+01
 1.13068e+01
 1.13236e+01
 1.13403e+01
 1.13571e+01
 1.13739e+01
 1.13907e+01
 1.14075e+01
 1.14244e+01
 1.14413e+01
 1.14581e+01
 1.14750e+01
 1.14919e+01
 1.15088e+01
 1.15258e+01
 1.15427e+01
 1.15597e+01
 1.15767e+01
 1.15937e+01
 1.16107e+01
 1.16277e+01
 1.16447e+01
 1.16618e+01
 1.16789e+01
 1.16959e+01
 1.17130e+01
 1.17302e+01
 1.17473e+01
 1.17644e+01
 1.17816e+01
 1.17988e+01
 1.18160e+01
 1.18332e+01
 1.18504e+01
 1.18676e+01
 1.18849e+01
 1.19021e+01
 1.19194e+01
 1.19367e+01
 1.19540e+01
 1.19713e+01
 1.19887e+01
 1.20060e+01
 1.20234e+01
 1.20408e+01
 1.20582e+01
 1.20756e+01
 1.20930e+01
 1.21105e+01
 1.21279e+01
 1.21454e+01
 1.21629e+01
 1.21804e+01
 1.21979e+01
 1.22155e+01
 1.22330e+01
 1.22506e+01
 1.22682e+01
 1.22857e+01
 1.23034e+01
 1.23210e+01
 1.23386e+01
 1.23563e+01
 1.23739e+01
 1.23916e+01
 1.24093e+01
 1.24270e+01
 1.24448e+01
 1.24625e+01
 1.24802e+01
 1.24980e+01
 1.25158e+01
 1.25336e+01
 1.25514e+01
 1.25692e+01
 1.25871e+01
 1.26050e+01
 1.26228e+01
 1.26407e+01
 1.26586e+01
 1.26765e+01
 1.26945e+01
 1.27124e+01
 1.27304e+01
 1.27484e+01
 1.27663e+01
 1.27844e+01
 1.28024e+01
 1.28204e+01
 1.28385e+01
 1.28565e+01
 1.28746e+01
 1.28927e+01
 1.29108e+01
 1.29289e+01
 1.29471e+01
 1.29652e+01
 1.29834e+01
 1.30016e+01
 1.30198e+01
 1.30380e+01
 1.30562e+01
 1.30744e+01
 1.30927e+01
 1.31110e+01
 1.31292e+01
 1.31475e+01
 1.31659e+01
 1.31842e+01
 1.32025e+01
 1.32209e+01
 1.32393e+01
 1.32576e+01
 1.32760e+01
 1.32945e+01
 1.33129e+01
 1.33313e+01
 1.33498e+01
 1.33683e+01
 1.33867e+01
 1.34052e+01
 1.34238e+01
 1.34423e+01
 1.34608e+01
 1.34794e+01
 1.34980e+01
 1.35166e+01
 1.35352e+01
 1.35538e+01
 1.35724e+01
 1.35911e+01
 1.36097e+01
 1.36284e+01
 1.36471e+01
 1.36658e+01
 1.36845e+01
 1.37032e+01
 1.37220e+01
 1.37407e+01
 1.37595e+01
 1.37783e+01
 1.37971e+01
 1.38159e+01
 1.38348e+01
 1.38536e+01
 1.38725e+01
 1.38913e+01
 1.39102e+01
 1.39291e+01
 1.39481e+01
 1.39670e+01
 1.39859e+01
 1.40049e+01
 1.40239e+01
 1.40429e+01
 1.40619e+01
 1.40809e+01
 1.40999e+01
 1.41190e+01
 1.41380e+01
 1.41571e+01
 1.41762e+01
 1.41953e+01
 1.42144e+01
 1.42335e+01
 1.42527e+01
 1.42718e+01
 1.42910e+01
 1.43102e+01
 1.43294e+01
 1.43486e+01
 1.43679e+01
 1.43871e+01
 1.44064e+01
 1.44256e+01
 1.44449e+01
 1.44642e+01
 1.44835e+01
 1.45029e+01
 1.45222e+01
 1.45416e+01
 1.45609e+01
 1.45803e+01
 1.45997e+01
 1.46191e+01
 1.46386e+01
 1.46580e+01
 1.46775e+01
 1.46969e+01
 1.47164e+01
 1.47359e+01
 1.47554e+01
 1.47749e+01
 1.47945e+01
 1.48140e+01
 1.48336e+01
 1.48532e+01
 1.48728e+01
 1.48924e+01
 1.49120e+01
 1.49317e+01
 1.49513e+01
 1.49710e+01
 1.49907e+01
 1.50103e+01
 1.50301e+01
 1.50498e+01
 1.50695e+01
 1.50893e+01
 1.51090e+01
 1.51288e+01
 1.51486e+01
 1.51684e+01
 1.51882e+01
 1.52080e+01
 1.52279e+01
 1.52477e+01
 1.52676e+01
 1.52875e+01
 1.53074e+01
 1.53273e+01
 1.53472e+01
 1.53672e+01
 1.53871e+01
 1.54071e+01
 1.54271e+01
 1.54471e+01
 1.54671e+01
 1.54871e+01
 1.55072e+01
 1.55272e+01
 1.55473e+01
 1.55674e+01
 1.55875e+01
 1.56076e+01
 1.56277e+01
 1.56478e+01
 1.56680e+01
 1.56881e+01
 1.57083e+01
 1.57285e+01
 1.57487e+01
 1.57689e+01
 1.57891e+01
 1.58094e+01
 1.58296e+01
 1.58499e+01
 1.58702e+01
 1.58905e+01
 1.59108e+01
 1.59311e+01
 1.59515e+01
 1.59718e+01
 1.59922e+01
 1.60126e+01
 1.60330e+01
 1.60534e+01
 1.60738e+01
 1.60942e+01
 1.61147e+01
 1.61351e+01
 1.61556e+01
 1.61761e+01
 1.61966e+01
 1.62171e+01
 1.62376e+01
 1.62582e+01
 1.62787e+01
 1.62993e+01
 1.63199e+01
 1.63405e+01
 1.63611e+01
 1.63817e+01
 1.64023e+01
 1.64230e+01
 1.64436e+01
 1.64643e+01
 1.64850e+01
 1.65057e+01
 1.65264e+01
 1.65472e+01
 1.65679e+01
 1.65887e+01
 1.66094e+01
 1.66302e+01
 1.66510e+01
 1.66718e+01
 1.66926e+01
 1.67135e+01
 1.67343e+01
 1.67552e+01
 1.67761e+01
 1.67969e+01
 1.68178e+01
 1.68388e+01
 1.68597e+01
 1.68806e+01
 1.69016e+01
 1.69225e+01
 1.69435e+01
 1.69645e+01
 1.69855e+01
 1.70066e+01
 1.70276e+01
 1.70486e+01
 1.70697e+01
 1.70908e+01
 1.71119e+01
 1.71329e+01
 1.71541e+01
 1.71752e+01
 1.71963e+01
 1.72175e+01
 1.72386e+01
 1.72598e+01
 1.72810e+01
 1.73022e+01
 1.73234e+01
 1.73447e+01
 1.73659e+01
 1.73872e+01
 1.74084e+01
 1.74297e+01
 1.74510e+01
 1.74723e+01
 1.74936e+01
 1.75150e+01
 1.75363e+01
 1.75577e+01
 1.75791e+01
 1.76004e+01
 1.76218e+01
 1.76433e+01
 1.76647e+01
 1.76861e+01
 1.77076e+01
 1.77290e+01
 1.77505e+01
 1.77720e+01
 1.77935e+01
 1.78150e+01
 1.78365e+01
 1.78581e+01
 1.78796e+01
 1.79012e+01
 1.79228e+01
 1.79444e+01
 1.79660e+01
 1.79876e+01
 1.80092e+01
 1.80309e+01
 1.80525e+01
 1.80742e+01
 1.80959e+01
 1.81176e+01
 1.81393e+01
 1.81610e+01
 1.81827e+01
 1.82045e+01
 1.82263e+01
 1.82480e+01
 1.82698e+01
 1.82916e+01
 1.83134e+01
 1.83352e+01
 1.83571e+01
 1.83789e+01
 1.84008e+01
 1.84227e+01
 1.84445e+01
 1.84664e+01
 1.84883e+01
 1.85103e+01
 1.85322e+01
 1.85542e+01
 1.85761e+01
 1.85981e+01
 1.86201e+01
 1.86421e+01
 1.86641e+01
 1.86861e+01
 1.87082e+01
 1.87302e+01
 1.87523e+01
 1.87743e+01
 1.87964e+01
 1.88185e+01
 1.88406e+01
 1.88628e+01
 1.88849e+01
 1.89070e+01
 1.89292e+01
 1.89514e+01
 1.89736e+01
 1.89958e+01
 1.90180e+01
 1.90402e+01
 1.90624e+01
 1.90847e+01
 1.91070e+01
 1.91292e+01
 1.91515e+01
 1.91738e+01
 1.91961e+01
 1.92185e+01
 1.92408e+01
 1.92631e+01
 1.92855e+01
 1.93079e+01
 1.93303e+01
 1.93527e+01
 1.93751e+01
 1.93975e+01
 1.94199e+01
 1.94424e+01
 1.94648e+01
 1.94873e+01
 1.95098e+01
 1.95323e+01
 1.95548e+01
 1.95773e+01
 1.95998e+01
 1.96224e+01
 1.96449e+01
 1.96675e+01
 1.96901e+01
 1.97127e+01
 1.97353e+01
 1.97579e+01
 1.97805e+01
 1.98032e+01
 1.98258e+01
 1.98485e+01
 1.98712e+01
 1.98939e+01
 1.99166e+01
 1.99393e+01
 1.99620e+01
 1.99847e+01
 2.00075e+01
 2.00303e+01
 2.00530e+01
 2.00758e+01
 2.00986e+01
 2.01214e+01
 2.01443e+01
 2.01671e+01
 2.01899e+01
 2.02128e+01
 2.02357e+01
 2.02586e+01
 2.02815e+01
 2.03044e+01
 2.03273e+01
 2.03502e+01
 2.03732e+01
 2.03961e+01
 2.04191e+01
 2.04421e+01
 2.04650e+01
 2.04880e+01
 2.05111e+01
 2.05341e+01
 2.05571e+01
 2.05802e+01
 2.06032e+01
 2.06263e+01
 2.06494e+01
 2.06725e+01
 2.06956e+01
 2.07187e+01
 2.07419e+01
 2.07650e+01
 2.07882e+01
 2.08113e+01
 2.08345e+01
 2.08577e+01
 2.08809e+01
 2.09041e+01
 2.09273e+01
 2.09506e+01
 2.09738e+01
 2.09971e+01
 2.10204e+01
 2.10437e+01
 2.10670e+01
 2.10903e+01
 2.11136e+01
 2.11369e+01
 2.11603e+01
 2.11836e+01
 2.12070e+01
 2.12304e+01
 2.12538e+01
 2.12772e+01
 2.13006e+01
 2.13240e+01
 2.13474e+01
 2.13709e+01
 2.13943e+01
 2.14178e+01
 2.14413e+01
 2.14648e+01
 2.14883e+01
 2.15118e+01
 2.15353e+01
 2.15589e+01
 2.15824e+01
 2.16060e+01
 2.16296e+01
 2.16532e+01
 2.16768e+01
 2.17004e+01
 2.17240e+01
 2.17476e+01
 2.17713e+01
 2.17949e+01
 2.18186e+01
 2.18423e+01
 2.18660e+01
 2.18897e+01
 2.19134e+01
 2.19371e+01
 2.19608e+01
 2.19846e+01
 2.20083e+01
 2.20321e+01
 2.20559e+01
 2.20797e+01
 2.21035e+01
 2.21273e+01
 2.21511e+01
 2.21749e+01
 2.21988e+01
 2.22227e+01
 2.22465e+01
 2.22704e+01
 2.22943e+01
 2.23182e+01
 2.23421e+01
 2.23660e+01
 2.23900e+01
 2.24139e+01
 2.24379e+01
 2.24619e+01
 2.24858e+01
 2.25098e+01
 2.25338e+01
 2.25579e+01
 2.25819e+01
 2.26059e+01
 2.26300e+01
 2.26540e+01
 2.26781e+01
 2.27022e+01
 2.27263e+01
 2.27504e+01
 2.27745e+01
 2.27986e+01
 2.28228e+01
 2.28469e+01
 2.28711e+01
 2.28952e+01
 2.29194e+01
 2.29436e+01
 2.29678e+01
 2.29920e+01
 2.30163e+01
 2.30405e+01
 2.30647e+01
 2.30890e+01
 2.31133e+01
 2.31375e+01
 2.31618e+01
 2.31861e+01
 2.32104e+01
 2.32348e+01
 2.32591e+01
 2.32835e+01
 2.33078e+01
 2.33322e+01
 2.33566e+01
 2.33809e+01
 2.34053e+01
 2.34298e+01
 2.34542e+01
 2.34786e+01
 2.35030e+01
 2.35275e+01
 2.35520e+01
 2.35764e+01
 2.36009e+01
 2.36254e+01
 2.36499e+01
 2.36744e+01
 2.36990e+01
 2.37235e+01
 2.37481e+01
 2.37726e+01
 2.37972e+01
 2.38218e+01
 2.38464e+01
 2.38710e+01
 2.38956e+01
 2.39202e+01
 2.39448e+01
 2.39695e+01
 2.39941e+01
 2.40188e+01
 2.40435e+01
 2.40682e+01
 2.40929e+01
 2.41176e+01
 2.41423e+01
 2.41670e+01
 2.41918e+01
 2.42165e+01
 2.42413e+01
 2.42661e+01
 2.42908e+01
 2.43156e+01
 2.43404e+01
 2.43653e+01
 2.43901e+01
 2.44149e+01
 2.44398e+01
 2.44646e+01
 2.44895e+01
 2.45144e+01
 2.45393e+01
 2.45641e+01
 2.45891e+01
 2.46140e+01
 2.46389e+01
 2.46638e+01
 2.46888e+01
 2.47138e+01
 2.47387e+01
 2.47637e+01
 2.47887e+01
 2.48137e+01
 2.48387e+01
 2.48637e+01
 2.48888e+01
 2.49138e+01
 2.49389e+01
 2.49639e+01
 2.49890e+01
 2.50141e+01
 2.50392e+01
 2.50643e+01
 2.50894e+01
 2.51145e+01
 2.51396e+01
 2.51648e+01
 2.51899e+01
 2.52151e+01
 2.52403e+01
 2.52655e+01
 2.52907e+01
 2.53159e+01
 2.53411e+01
 2.53663e+01
 2.53915e+01
 2.54168e+01
 2.54420e+01
 2.54673e+01
 2.54926e+01
 2.55179e+01
 2.55432e+01
 2.55685e+01
 2.55938e+01
 2.56191e+01
 2.56444e+01
 2.56698e+01
 2.56951e+01
 2.57205e+01
 2.57459e+01
 2.57713e+01
 2.57967e+01
 2.58221e+01
 2.58475e+01
 2.58729e+01
 2.58983e+01
 2.59238e+01
 2.59492e+01
 2.59747e+01
 2.60002e+01
 2.60257e+01
 2.60512e+01
 2.60767e+01
 2.61022e+01
 2.61277e+01
 2.61532e+01
 2.61788e+01
 2.62043e+01
 2.62299e+01
 2.62555e+01
 2.62811e+01
 2.63066e+01
 2.63322e+01
 2.63579e+01
 2.63835e+01
 2.64091e+01
 2.64348e+01
 2.64604e+01
 2.64861e+01
 2.65117e+01
 2.65374e+01
 2.65631e+01
 2.65888e+01
 2.66145e+01
 2.66402e+01
 2.66660e+01
 2.66917e+01
 2.67174e+01
 2.67432e+01
 2.67690e+01
 2.67947e+01
 2.68205e+01
 2.68463e+01
 2.68721e+01
 2.68979e+01
 2.69238e+01
 2.69496e+01
 2.69754e+01
 2.70013e+01
 2.70271e+01
 2.70530e+01
 2.70789e+01
 2.71048e+01
 2.71307e+01
 2.71566e+01
 2.71825e+01
 2.72084e+01
 2.72344e+01
 2.72603e+01
 2.72863e+01
 2.73122e+01
 2.73382e+01
 2.73642e+01
 2.73902e+01
 2.74162e+01
 2.74422e+01
 2.74682e+01
 2.74943e+01
 2.75203e+01
 2.75464e+01
 2.75724e+01
 2.75985e+01
 2.76246e+01
 2.76506e+01
 2.76767e+01
 2.77028e+01
 2.77290e+01
 2.77551e+01
 2.77812e+01
 2.78074e+01
 2.78335e+01
 2.78597e+01
 2.78858e+01
 2.79120e+01
 2.79382e+01
 2.79644e+01
 2.79906e+01
 2.80168e+01
 2.80431e+01
 2.80693e+01
 2.80955e+01
 2.81218e+01
 2.81480e+01
 2.81743e+01
 2.82006e+01
 2.82269e+01
 2.82532e+01
 2.82795e+01
 2.83058e+01
 2.83321e+01
 2.83585e+01
 2.83848e+01
 2.84111e+01
 2.84375e+01
 2.84639e+01
 2.84903e+01
 2.85166e+01
 2.85430e+01
 2.85694e+01
 2.85959e+01
 2.86223e+01
 2.86487e+01
 2.86751e+01
 2.87016e+01
 2.87281e+01
 2.87545e+01
 2.87810e+01
 2.88075e+01
 2.88340e+01
 2.88605e+01
 2.88870e+01
 2.89135e+01
 2.89400e+01
 2.89666e+01
 2.89931e+01
 2.90197e+01
 2.90462e+01
 2.90728e+01
 2.90994e+01
 2.91260e+01
 2.91526e+01
 2.91792e+01
 2.92058e+01
 2.92324e+01
 2.92591e+01
 2.92857e+01
 2.93124e+01
 2.93390e+01
 2.93657e+01
 2.93924e+01
 2.94191e+01
 2.94458e+01
 2.94725e+01
 2.94992e+01
 2.95259e+01
 2.95526e+01
 2.95794e+01
 2.96061e+01
 2.96329e+01
 2.96596e+01
 2.96864e+01
 2.97132e+01
 2.97400e+01
 2.97668e+01
 2.97936e+01
 2.98204e+01
 2.98472e+01
 2.98740e+01
 2.99009e+01
 2.99277e+01
 2.99546e+01
 2.99814e+01
 3.00083e+01
 3.00352e+01
 3.00621e+01
 3.00890e+01
 3.01159e+01
 3.01428e+01
 3.01697e+01
 3.01967e+01
 3.02236e+01
 3.02506e+01
 3.02775e+01
 3.03045e+01
 3.03315e+01
 3.03584e+01
 3.03854e+01
 3.04124e+01
 3.04394e+01
 3.04664e+01
 3.04935e+01
 3.05205e+01
 3.05475e+01
 3.05746e+01
 3.06016e+01
 3.06287e+01
 3.06558e+01
 3.06829e+01
 3.07100e+01
 3.07371e+01
 3.07642e+01
 3.07913e+01
 3.08184e+01
 3.08455e+01
 3.08727e+01
 3.08998e+01
 3.09270e+01
 3.09541e+01
 3.09813e+01
 3.10085e+01
 3.10357e+01
 3.10629e+01
 3.10901e+01
 3.11173e+01
 3.11445e+01
 3.11717e+01
 3.11989e+01
 3.12262e+01
 3.12534e+01
 3.12807e+01
 3.13080e+01
 3.13352e+01
 3.13625e+01
 3.13898e+01
 3.14171e+01
 3.14444e+01
 3.14717e+01
 3.14991e+01
 3.15264e+01
 3.15537e+01
 3.15811e+01
 3.16084e+01
 3.16358e+01
 3.16632e+01
 3.16905e+01
 3.17179e+01
 3.17453e+01
 3.17727e+01
 3.18001e+01
 3.18275e+01
 3.18550e+01
 3.18824e+01
 3.19098e+01
 3.19373e+01
 3.19647e+01
 3.19922e+01
 3.20197e+01
 3.20472e+01
 3.20746e+01
 3.21021e+01
 3.21296e+01
 3.21571e+01
 3.21847e+01
 3.22122e+01
 3.22397e+01
 3.22673e+01
 3.22948e+01
 3.23224e+01
 3.23499e+01
 3.23775e+01
 3.24051e+01
 3.24327e+01
 3.24603e+01
 3.24879e+01
 3.25155e+01
 3.25431e+01
 3.25707e+01
 3.25983e+01
 3.26260e+01
 3.26536e+01
 3.26813e+01
 3.27089e+01
 3.27366e+01
 3.27643e+01
 3.27920e+01
 3.28196e+01
 3.28473e+01
 3.28750e+01
 3.29028e+01
 3.29305e+01
 3.29582e+01
 3.29859e+01
 3.30137e+01
 3.30414e+01
 3.30692e+01
 3.30970e+01
 3.31247e+01
 3.31525e+01
 3.31803e+01
 3.32081e+01
 3.32359e+01
 3.32637e+01
 3.32915e+01
 3.33193e+01
 3.33472e+01
 3.33750e+01
 3.34029e+01
 3.34307e+01
 3.34586e+01
 3.34864e+01
 3.35143e+01
 3.35422e+01
 3.35701e+01
 3.35980e+01
 3.36259e+01
 3.36538e+01
 3.36817e+01
 3.37096e+01
 3.37376e+01
 3.37655e+01
 3.37934e+01
 3.38214e+01
 3.38494e+01
 3.38773e+01
 3.39053e+01
 3.39333e+01
 3.39613e+01
 3.39893e+01
 3.40173e+01
 3.40453e+01
 3.40733e+01
 3.41013e+01
 3.41293e+01
 3.41574e+01
 3.41854e+01
 3.42135e+01
 3.42415e+01
 3.42696e+01
 3.42977e+01
 3.43257e+01
 3.43538e+01
 3.43819e+01
 3.44100e+01
 3.44381e+01
 3.44662e+01
 3.44944e+01
 3.45225e+01
 3.45506e+01
 3.45788e+01
 3.46069e+01
 3.46351e+01
 3.46632e+01
 3.46914e+01
 3.47196e+01
 3.47478e+01
 3.47759e+01
 3.48041e+01
 3.48323e+01
 3.48605e+01
 3.48888e+01
 3.49170e+01
 3.49452e+01
 3.49735e+01
 3.50017e+01
 3.50299e+01
 3.50582e+01
 3.50865e+01
 3.51147e+01
 3.51430e+01
 3.51713e+01
 3.51996e+01
 3.52279e+01
 3.52562e+01
 3.52845e+01
 3.53128e+01
 3.53411e+01
 3.53695e+01
 3.53978e+01
 3.54261e+01
 3.54545e+01
 3.54828e+01
 3.55112e+01
 3.55396e+01
 3.55679e+01
 3.55963e+01
 3.56247e+01
 3.56531e+01
 3.56815e+01
 3.57099e+01
 3.57383e+01
 3.57667e+01
 3.57952e+01
 3.58236e+01
 3.58520e+01
 3.58805e+01
 3.59089e+01
 3.59374e+01
 3.59659e+01
 3.59943e+01
 3.60228e+01
 3.60513e+01
 3.60798e+01
 3.61083e+01
 3.61368e+01
 3.61653e+01
 3.61938e+01
 3.62223e+01
 3.62509e+01
 3.62794e+01
 3.63079e+01
 3.63365e+01
 3.63650e+01
 3.63936e+01
 3.64222e+01
 3.64507e+01
 3.64793e+01
 3.65079e+01
 3.65365e+01
 3.65651e+01
 3.65937e+01
 3.66223e+01
 3.66509e+01
 3.66795e+01
 3.67082e+01
 3.67368e+01
 3.67654e+01
 3.67941e+01
 3.68227e+01
 3.68514e+01
 3.68801e+01
 3.69087e+01
 3.69374e+01
 3.69661e+01
 3.69948e+01
 3.70235e+01
 3.70522e+01
 3.70809e+01
 3.71096e+01
 3.71383e+01
 3.71670e+01
 3.71958e+01
 3.72245e+01
 3.72533e+01
 3.72820e+01
 3.73108e+01
 3.73395e+01
 3.73683e+01
 3.73971e+01
 3.74258e+01
 3.74546e+01
 3.74834e+01
 3.75122e+01
 3.75410e+01
 3.75698e+01
 3.75986e+01
 3.76275e+01
 3.76563e+01
 3.76851e+01
 3.77140e+01
 3.77428e+01
 3.77716e+01
 3.78005e+01
 3.78294e+01
 3.78582e+01
 3.78871e+01
 3.79160e+01
 3.79449e+01
 3.79737e+01
 3.80026e+01
 3.80315e+01
 3.80604e+01
 3.80894e+01
 3.81183e+01
 3.81472e+01
 3.81761e+01
 3.82051e+01
 3.82340e+01
 3.82629e+01
 3.82919e+01
 3.83209e+01
 3.83498e+01
 3.83788e+01
 3.84078e+01
 3.84367e+01
 3.84657e+01
 3.84947e+01
 3.85237e+01
 3.85527e+01
 3.85817e+01
 3.86107e+01
 3.86398e+01
 3.86688e+01
 3.86978e+01
 3.87268e+01
 3.87559e+01
 3.87849e+01
 3.88140e+01
 3.88430e+01
 3.88721e+01
 3.89012e+01
 3.89302e+01
 3.89593e+01
 3.89884e+01
 3.90175e+01
 3.90466e+01
 3.90757e+01
 3.91048e+01
 3.91339e+01
 3.91630e+01
 3.91921e+01
 3.92213e+01
 3.92504e+01
 3.92795e+01
 3.93087e+01
 3.93378e+01
 3.93670e+01
 3.93961e+01
 3.94253e+01
 3.94545e+01
 3.94836e+01
 3.95128e+01
 3.95420e+01
 3.95712e+01
 3.96004e+01
 3.96296e+01
 3.96588e+01
 3.96880e+01
 3.97172e+01
 3.97465e+01
 3.97757e+01
 3.98049e+01
 3.98341e+01
 3.98634e+01
 3.98926e+01
 3.99219e+01
 3.99511e+01
 3.99804e+01
 4.00097e+01
 4.00389e+01
 4.00682e+01
 4.00975e+01
 4.01268e+01
 4.01561e+01
 4.01854e+01
 4.02147e+01
 4.02440e+01
 4.02733e+01
 4.03026e+01
 4.03319e+01
 4.03613e+01
 4.03906e+01
 4.04199e+01
 4.04493e+01
 4.04786e+01
 4.05080e+01
 4.05373e+01
 4.05667e+01
 4.05961e+01
 4.06254e+01
 4.06548e+01
 4.06842e+01
 4.07136e+01
 4.07430e+01
 4.07724e+01
 4.08018e+01
 4.08312e+01
 4.08606e+01
 4.08900e+01
 4.09194e+01
 4.09489e+01
 4.09783e+01
 4.10077e+01
 4.10372e+01
 4.10666e+01
 4.10961e+01
 4.11255e+01
 4.11550e+01
 4.11844e+01
 4.12139e+01
 4.12434e+01
 4.12729e+01
 4.13023e+01
 4.13318e+01
 4.13613e+01
 4.13908e+01
 4.14203e+01
 4.14498e+01
 4.14793e+01
 4.15088e+01
 4.15384e+01
 4.15679e+01
 4.15974e+01
 4.16269e+01
 4.16565e+01
 4.16860e+01
 4.17156e+01
 4.17451e+01
 4.17747e+01
 4.18042e+01
 4.18338e+01
 4.18634e+01
 4.18929e+01
 4.19225e+01
 4.19521e+01
 4.19817e+01
 4.20113e+01
 4.20409e+01
 4.20705e+01
 4.21001e+01
 4.21297e+01
 4.21593e+01
 4.21889e+01
 4.22185e+01
 4.22482e+01
 4.22778e+01
 4.23074e+01
 4.23371e+01
 4.23667e+01
 4.23964e+01
 4.24260e+01
 4.24557e+01
 4.24853e+01
 4.25150e+01
 4.25447e+01
 4.25744e+01
 4.26040e+01
 4.26337e+01
 4.26634e+01
 4.26931e+01
 4.27228e+01
 4.27525e+01
 4.27822e+01
 4.28119e+01
 4.28416e+01
 4.28713e+01
 4.29011e+01
 4.29308e+01
 4.29605e+01
 4.29903e+01
 4.30200e+01
 4.30497e+01
 4.30795e+01
 4.31092e+01
 4.31390e+01
 4.31687e+01
 4.31985e+01
 4.32283e+01
 4.32580e+01
 4.32878e+01
 4.33176e+01
 4.33474e+01
 4.33772e+01
 4.34070e+01
 4.34368e+01
 4.34666e+01
 4.34964e+01
 4.35262e+01
 4.35560e+01
 4.35858e+01
 4.36156e+01
 4.36454e+01
 4.36753e+01
 4.37051e+01
 4.37349e+01
 4.37648e+01
 4.37946e+01
 4.38245e+01
 4.38543e+01
 4.38842e+01
 4.39140e+01
 4.39439e+01
 4.39737e+01
 4.40036e+01
 4.40335e+01
 4.40634e+01
 4.40933e+01
 4.41231e+01
 4.41530e+01
 4.41829e+01
 4.42128e+01
 4.42427e+01
 4.42726e+01
 4.43025e+01
 4.43324e+01
 4.43624e+01
 4.43923e+01
 4.44222e+01
 4.44521e+01
 4.44821e+01
 4.45120e+01
 4.45419e+01
 4.45719e+01
 4.46018e+01
 4.46318e+01
 4.46617e+01
 4.46917e+01
 4.47216e+01
 4.47516e+01
 4.47816e+01
 4.48115e+01
 4.48415e+01
 4.48715e+01
 4.49015e+01
 4.49315e+01
 4.49614e+01
 4.49914e+01
 4.50214e+01
 4.50514e+01
 4.50814e+01
 4.51114e+01
 4.51415e+01
 4.51715e+01
 4.52015e+01
 4.52315e+01
 4.52615e+01
 4.52916e+01
 4.53216e+01
 4.53516e+01
 4.53817e+01
 4.54117e+01
 4.54418e+01
 4.54718e+01
 4.55019e+01
 4.55319e+01
 4.55620e+01
 4.55920e+01
 4.56221e+01
 4.56522e+01
 4.56822e+01
 4.57123e+01
 4.57424e+01
 4.57725e+01
 4.58026e+01
 4.58327e+01
 4.58627e+01
 4.58928e+01
 4.59229e+01
 4.59530e+01
 4.59831e+01
 4.60133e+01
 4.60434e+01
 4.60735e+01
 4.61036e+01
 4.61337e+01
 4.61638e+01
 4.61940e+01
 4.62241e+01
 4.62542e+01
 4.62844e+01
 4.63145e+01
 4.63447e+01
 4.63748e+01
 4.64050e+01
 4.64351e+01
 4.64653e+01
 4.64954e+01
 4.65256e+01
 4.65558e+01
 4.65859e+01
 4.66161e+01
 4.66463e+01
 4.66765e+01
 4.67066e+01
 4.67368e+01
 4.67670e+01
 4.67972e+01
 4.68274e+01
 4.68576e+01
 4.68878e+01
 4.69180e+01
 4.69482e+01
 4.69784e+01
 4.70086e+01
 4.70388e+01
 4.70691e+01
 4.70993e+01
 4.71295e+01
 4.71597e+01
 4.71900e+01
 4.72202e+01
 4.72504e+01
 4.72807e+01
 4.73109e+01
 4.73412e+01
 4.73714e+01
 4.74016e+01
 4.74319e+01
 4.74622e+01
 4.74924e+01
 4.75227e+01
 4.75529e+01
 4.75832e+01
 4.76135e+01
 4.76438e+01
 4.76740e+01
 4.77043e+01
 4.77346e+01
 4.77649e+01
 4.77952e+01
 4.78254e+01
 4.78557e+01
 4.78860e+01
 4.79163e+01
 4.79466e+01
 4.79769e+01
 4.80072e+01
 4.80375e+01
 4.80679e+01
 4.80982e+01
 4.81285e+01
 4.81588e+01
 4.81891e+01
 4.82195e+01
 4.82498e+01
 4.82801e+01
 4.83104e+01
 4.83408e+01
 4.83711e+01
 4.84015e+01
 4.84318e+01
 4.84621e+01
 4.84925e+01
 4.85228e+01
 4.85532e+01
 4.85836e+01
 4.86139e+01
 4.86443e+01
 4.86746e+01
 4.87050e+01
 4.87354e+01
 4.87657e+01
 4.87961e+01
 4.88265e+01
 4.88569e+01
 4.88872e+01
 4.89176e+01
 4.89480e+01
 4.89784e+01
 4.90088e+01
 4.90392e+01
 4.90696e+01
 4.91000e+01
 4.91304e+01
 4.91608e+01
 4.91912e+01
 4.92216e+01
 4.92520e+01
 4.92824e+01
 4.93128e+01
 4.93432e+01
 4.93737e+01
 4.94041e+01
 4.94345e+01
 4.94649e+01
 4.94954e+01
 4.95258e+01
 4.95562e+01
 4.95867e+01
 4.96171e+01
 4.96475e+01
 4.96780e+01
 4.97084e+01
 4.97389e+01
 4.97693e+01
 4.97998e+01
 4.98302e+01
 4.98607e+01
 4.98911e+01
 4.99216e+01
 4.99520e+01
 4.99825e+01
 5.00130e+01
 5.00434e+01
 5.00739e+01
 5.01044e+01
 5.01349e+01
 5.01653e+01
 5.01958e+01
 5.02263e+01
 5.02568e+01
 5.02873e+01
 5.03177e+01
 5.03482e+01
 5.03787e+01
 5.04092e+01
 5.04397e+01
 5.04702e+01
 5.05007e+01
 5.05312e+01
 5.05617e+01
 5.05922e+01
 5.06227e+01
 5.06532e+01
 5.06837e+01
 5.07143e+01
 5.07448e+01
 5.07753e+01
 5.08058e+01
 5.08363e+01
 5.08668e+01
 5.08974e+01
 5.09279e+01
 5.09584e+01
 5.09890e+01
 5.10195e+01
 5.10500e+01
 5.10806e+01
 5.11111e+01
 5.11416e+01
 5.11722e+01
 5.12027e+01
 5.12333e+01
 5.12638e+01
 5.12944e+01
 5.13249e+01
 5.13555e+01
 5.13860e+01
 5.14166e+01
 5.14471e+01
 5.14777e+01
 5.15083e+01
 5.15388e+01
 5.15694e+01
 5.15999e+01
 5.16305e+01
 5.16611e+01
 5.16917e+01
 5.17222e+01
 5.17528e+01
 5.17834e+01
 5.18140e+01
 5.18445e+01
 5.18751e+01
 5.19057e+01
 5.19363e+01
 5.19669e+01
 5.19975e+01
 5.20280e+01
 5.20586e+01
 5.20892e+01
 5.21198e+01
 5.21504e+01
 5.21810e+01
 5.22116e+01
 5.22422e+01
 5.22728e+01
 5.23034e+01
 5.23340e+01
 5.23646e+01
 5.23952e+01
 5.24259e+01
 5.24565e+01
 5.24871e+01
 5.25177e+01
 5.25483e+01
 5.25789e+01
 5.26095e+01
 5.26402e+01
 5.26708e+01
 5.27014e+01
 5.27320e+01
 5.27627e+01
 5.27933e+01
 5.28239e+01
 5.28545e+01
 5.28852e+01
 5.29158e+01
 5.29464e+01
 5.29771e+01
 5.30077e+01
 5.30383e+01
 5.30690e+01
 5.30996e+01
 5.31303e+01
 5.31609e+01
 5.31916e+01
 5.32222e+01
 5.32529e+01
 5.32835e+01
 5.33142e+01
 5.33448e+01
 5.33755e+01
 5.34061e+01
 5.34368e+01
 5.34674e+01
 5.34981e+01
 5.35287e+01
 5.35594e+01
 5.35901e+01
 5.36207e+01
 5.36514e+01
 5.36820e+01
 5.37127e+01
 5.37434e+01
 5.37740e+01
 5.38047e+01
 5.38354e+01
 5.38661e+01
 5.38967e+01
 5.39274e+01
 5.39581e+01
 5.39888e+01
 5.40194e+01
 5.40501e+01
 5.40808e+01
 5.41115e+01
 5.41422e+01
 5.41728e+01
 5.42035e+01
 5.42342e+01
 5.42649e+01
 5.42956e+01
 5.43263e+01
 5.43570e+01
 5.43876e+01
 5.44183e+01
 5.44490e+01
 5.44797e+01
 5.45104e+01
 5.45411e+01
 5.45718e+01
 5.46025e+01
 5.46332e+01
 5.46639e+01
 5.46946e+01
 5.47253e+01
 5.47560e+01
 5.47867e+01
 5.48174e+01
 5.48481e+01
 5.48788e+01
 5.49095e+01
 5.49402e+01
 5.49709e+01
 5.50016e+01
 5.50323e+01
 5.50630e+01
 5.50938e+01
 5.51245e+01
 5.51552e+01
 5.51859e+01
 5.52166e+01
 5.52473e+01
 5.52780e+01
 5.53088e+01
 5.53395e+01
 5.53702e+01
 5.54009e+01
 5.54316e+01
 5.54623e+01
 5.54931e+01
 5.55238e+01
 5.55545e+01
 5.55852e+01
 5.56160e+01
 5.56467e+01
 5.56774e+01
 5.57081e+01
 5.57389e+01
 5.57696e+01
 5.58003e+01
 5.58310e+01
 5.58618e+01
 5.58925e+01
 5.59232e+01
 5.59540e+01
 5.59847e+01
 5.60154e+01
 5.60462e+01
 5.60769e+01
 5.61076e+01
 5.61384e+01
 5.61691e+01
 5.61998e+01
 5.62306e+01
 5.62613e+01
 5.62920e+01
 5.63228e+01
 5.63535e+01
 5.63842e+01
 5.64150e+01
 5.64457e+01
 5.64765e+01
 5.65072e+01
 5.65379e+01
 5.65687e+01
 5.65994e+01
 5.66302e+01
 5.66609e+01
 5.66917e+01
 5.67224e+01
 5.67531e+01
 5.67839e+01
 5.68146e+01
 5.68454e+01
 5.68761e+01
 5.69069e+01
 5.69376e+01
 5.69684e+01
 5.69991e+01
 5.70299e+01
 5.70606e+01
 5.70914e+01
 5.71221e+01
 5.71529e+01
 5.71836e+01
 5.72144e+01
 5.72451e+01
 5.72758e+01
 5.73066e+01
 5.73374e+01
 5.73681e+01
 5.73989e+01
 5.74296e+01
 5.74604e+01
 5.74911e+01
 5.75219e+01
 5.75526e+01
 5.75834e+01
 5.76141e+01
 5.76449e+01
 5.76756e+01
 5.77064e+01
 5.77371e+01
 5.77679e+01
 5.77986e+01
 5.78294e+01
 5.78601e+01
 5.78909e+01
 5.79217e+01
 5.79524e+01
 5.79832e+01
 5.80139e+01
 5.80447e+01
 5.80754e+01
 5.81062e+01
 5.81369e+01
 5.81677e+01
 5.81984e+01
 5.82292e+01
 5.82600e+01
 5.82907e+01
 5.83215e+01
 5.83522e+01
 5.83830e+01
 5.84137e+01
 5.84445e+01
 5.84752e+01
 5.85060e+01
 5.85368e+01
 5.85675e+01
 5.85983e+01
 5.86290e+01
 5.86598e+01
 5.86905e+01
 5.87213e+01
 5.87520e+01
 5.87828e+01
 5.88136e+01
 5.88443e+01
 5.88751e+01
 5.89058e+01
 5.89366e+01
 5.89673e+01
 5.89981e+01
 5.90288e+01
 5.90596e+01
 5.90903e+01
 5.91211e+01
 5.91518e+01
 5.91826e+01
 5.92134e+01
 5.92441e+01
 5.92749e+01
 5.93056e+01
 5.93364e+01
 5.93671e+01
 5.93979e+01
 5.94286e+01
 5.94594e+01
 5.94901e+01
 5.95209e+01
 5.95516e+01
 5.95824e+01
 5.96131e+01
 5.96439e+01
 5.96746e+01
 5.97054e+01
 5.97361e+01
 5.97669e+01
 5.97976e+01
 5.98284e+01
 5.98591e+01
 5.98899e+01
 5.99206e+01
 5.99514e+01
 5.99821e+01
 6.00129e+01
 6.00436e+01
 6.00744e+01
 6.01051e+01
 6.01358e+01
 6.01666e+01
 6.01973e+01
 6.02281e+01
 6.02588e+01
 6.02896e+01
 6.03203e+01
 6.03511e+01
 6.03818e+01
 6.04125e+01
 6.04433e+01
 6.04740e+01
 6.05048e+01
 6.05355e+01
 6.05662e+01
 6.05970e+01
 6.06277e+01
 6.06585e+01
 6.06892e+01
 6.07199e+01
 6.07507e+01
 6.07814e+01
 6.08121e+01
 6.08429e+01
 6.08736e+01
 6.09043e+01
 6.09351e+01
 6.09658e+01
 6.09965e+01
 6.10273e+01
 6.10580e+01
 6.10887e+01
 6.11195e+01
 6.11502e+01
 6.11809e+01
 6.12116e+01
 6.12424e+01
 6.12731e+01
 6.13038e+01
 6.13345e+01
 6.13653e+01
 6.13960e+01
 6.14267e+01
 6.14574e+01
 6.14882e+01
 6.15189e+01
 6.15496e+01
 6.15803e+01
 6.16110e+01
 6.16418e+01
 6.16725e+01
 6.17032e+01
 6.17339e+01
 6.17646e+01
 6.17953e+01
 6.18260e+01
 6.18568e+01
 6.18875e+01
 6.19182e+01
 6.19489e+01
 6.19796e+01
 6.20103e+01
 6.20410e+01
 6.20717e+01
 6.21024e+01
 6.21331e+01
 6.21638e+01
 6.21945e+01
 6.22253e+01
 6.22560e+01
 6.22867e+01
 6.23174e+01
 6.23481e+01
 6.23788e+01
 6.24095e+01
 6.24401e+01
 6.24708e+01
 6.25015e+01
 6.25322e+01
 6.25629e+01
 6.25936e+01
 6.26243e+01
 6.26550e+01
 6.26857e+01
 6.27164e+01
 6.27471e+01
 6.27778e+01
 6.28084e+01
 6.28391e+01
 6.28698e+01
 6.29005e+01
 6.29312e+01
 6.29619e+01
 6.29925e+01
 6.30232e+01
 6.30539e+01
 6.30846e+01
 6.31152e+01
 6.31459e+01
 6.31766e+01
 6.32073e+01
 6.32379e+01
 6.32686e+01
 6.32993e+01
 6.33299e+01
 6.33606e+01
 6.33913e+01
 6.34219e+01
 6.34526e+01
 6.34833e+01
 6.35139e+01
 6.35446e+01
 6.35753e+01
 6.36059e+01
 6.36366e+01
 6.36672e+01
 6.36979e+01
 6.37285e+01
 6.37592e+01
 6.37898e+01
 6.38205e+01
 6.38511e+01
 6.38818e+01
 6.39124e+01
 6.39431e+01
 6.39737e+01
 6.40044e+01
 6.40350e+01
 6.40656e+01
 6.40963e+01
 6.41269e+01
 6.41576e+01
 6.41882e+01
 6.42188e+01
 6.42495e+01
 6.42801e+01
 6.43107e+01
 6.43413e+01
 6.43720e+01
 6.44026e+01
 6.44332e+01
 6.44638e+01
 6.44945e+01
 6.45251e+01
 6.45557e+01
 6.45863e+01
 6.46169e+01
 6.46476e+01
 6.46782e+01
 6.47088e+01
 6.47394e+01
 6.47700e+01
 6.48006e+01
 6.48312e+01
 6.48618e+01
 6.48924e+01
 6.49230e+01
 6.49536e+01
 6.49842e+01
 6.50148e+01
 6.50454e+01
 6.50760e+01
 6.51066e+01
 6.51372e+01
 6.51678e+01
 6.51984e+01
 6.52290e+01
 6.52596e+01
 6.52902e+01
 6.53207e+01
 6.53513e+01
 6.53819e+01
 6.54125e+01
 6.54431e+01
 6.54736e+01
 6.55042e+01
 6.55348e+01
 6.55654e+01
 6.55959e+01
 6.56265e+01
 6.56571e+01
 6.56876e+01
 6.57182e+01
 6.57488e+01
 6.57793e+01
 6.58099e+01
 6.58404e+01
 6.58710e+01
 6.59015e+01
 6.59321e+01
 6.59626e+01
 6.59932e+01
 6.60237e+01
 6.60543e+01
 6.60848e+01
 6.61154e+01
 6.61459e+01
 6.61765e+01
 6.62070e+01
 6.62375e+01
 6.62681e+01
 6.62986e+01
 6.63291e+01
 6.63597e+01
 6.63902e+01
 6.64207e+01
 6.64512e+01
 6.64818e+01
 6.65123e+01
 6.65428e+01
 6.65733e+01
 6.66038e+01
 6.66343e+01
 6.66649e+01
 6.66954e+01
 6.67259e+01
 6.67564e+01
 6.67869e+01
 6.68174e+01
 6.68479e+01
 6.68784e+01
 6.69089e+01
 6.69394e+01
 6.69699e+01
 6.70004e+01
 6.70308e+01
 6.70613e+01
 6.70918e+01
 6.71223e+01
 6.71528e+01
 6.71833e+01
 6.72137e+01
 6.72442e+01
 6.72747e+01
 6.73052e+01
 6.73356e+01
 6.73661e+01
 6.73966e+01
 6.74270e+01
 6.74575e+01
 6.74880e+01
 6.75184e+01
 6.75489e+01
 6.75793e+01
 6.76098e+01
 6.76402e+01
 6.76707e+01
 6.77011e+01
 6.77316e+01
 6.77620e+01
 6.77925e+01
 6.78229e+01
 6.78533e+01
 6.78838e+01
 6.79142e+01
 6.79446e+01
 6.79751e+01
 6.80055e+01
 6.80359e+01
 6.80664e+01
 6.80968e+01
 6.81272e+01
 6.81576e+01
 6.81880e+01
 6.82184e+01
 6.82489e+01
 6.82793e+01
 6.83097e+01
 6.83401e+01
 6.83705e+01
 6.84009e+01
 6.84313e+01
 6.84617e+01
 6.84921e+01
 6.85225e+01
 6.85528e+01
 6.85832e+01
 6.86136e+01
 6.86440e+01
 6.86744e+01
 6.87048e+01
 6.87351e+01
 6.87655e+01
 6.87959e+01
 6.88263e+01
 6.88566e+01
 6.88870e+01
 6.89173e+01
 6.89477e+01
 6.89781e+01
 6.90084e+01
 6.90388e+01
 6.90691e+01
 6.90995e+01
 6.91298e+01
 6.91602e+01
 6.91905e+01
 6.92209e+01
 6.92512e+01
 6.92815e+01
 6.93119e+01
 6.93422e+01
 6.93725e+01
 6.94029e+01
 6.94332e+01
 6.94635e+01
 6.94938e+01
 6.95241e+01
 6.95545e+01
 6.95848e+01
 6.96151e+01
 6.96454e+01
 6.96757e+01
 6.97060e+01
 6.97363e+01
 6.97666e+01
 6.97969e+01
 6.98272e+01
 6.98575e+01
 6.98878e+01
 6.99181e+01
 6.99483e+01
 6.99786e+01
 7.00089e+01
 7.00392e+01
 7.00695e+01
 7.00997e+01
 7.01300e+01
 7.01603e+01
 7.01905e+01
 7.02208e+01
 7.02511e+01
 7.02813e+01
 7.03116e+01
 7.03418e+01
 7.03721e+01
 7.04023e+01
 7.04326e+01
 7.04628e+01
 7.04930e+01
 7.05233e+01
 7.05535e+01
 7.05838e+01
 7.06140e+01
 7.06442e+01
 7.06744e+01
 7.07047e+01
 7.07349e+01
 7.07651e+01
 7.07953e+01
 7.08255e+01
 7.08557e+01
 7.08859e+01
 7.09161e+01
 7.09463e+01
 7.09765e+01
 7.10067e+01
 7.10369e+01
 7.10671e+01
 7.10973e+01
 7.11275e+01
 7.11577e+01
 7.11879e+01
 7.12180e+01
 7.12482e+01
 7.12784e+01
 7.13086e+01
 7.13387e+01
 7.13689e+01
 7.13991e+01
 7.14292e+01
 7.14594e+01
 7.14895e+01
 7.15197e+01
 7.15498e+01
 7.15800e+01
 7.16101e+01
 7.16403e+01
 7.16704e+01
 7.17005e+01
 7.17307e+01
 7.17608e+01
 7.17909e+01
 7.18210e+01
 7.18512e+01
 7.18813e+01
 7.19114e+01
 7.19415e+01
 7.19716e+01
 7.20017e+01
 7.20318e+01
 7.20619e+01
 7.20920e+01
 7.21221e+01
 7.21522e+01
 7.21823e+01
 7.22124e+01
 7.22425e+01
 7.22726e+01
 7.23027e+01
 7.23327e+01
 7.23628e+01
 7.23929e+01
 7.24229e+01
 7.24530e+01
 7.24831e+01
 7.25131e+01
 7.25432e+01
 7.25732e+01
 7.26033e+01
 7.26333e+01
 7.26634e+01
 7.26934e+01
 7.27235e+01
 7.27535e+01
 7.27835e+01
 7.28136e+01
 7.28436e+01
 7.28736e+01
 7.29036e+01
 7.29337e+01
 7.29637e+01
 7.29937e+01
 7.30237e+01
 7.30537e+01
 7.30837e+01
 7.31137e+01
 7.31437e+01
 7.31737e+01
 7.32037e+01
 7.32337e+01
 7.32637e+01
 7.32937e+01
 7.33236e+01
 7.33536e+01
 7.33836e+01
 7.34136e+01
 7.34435e+01
 7.34735e+01
 7.35034e+01
 7.35334e+01
 7.35634e+01
 7.35933e+01
 7.36233e+01
 7.36532e+01
 7.36832e+01
 7.37131e+01
 7.37430e+01
 7.37730e+01
 7.38029e+01
 7.38328e+01
 7.38627e+01
 7.38927e+01
 7.39226e+01
 7.39525e+01
 7.39824e+01
 7.40123e+01
 7.40422e+01
 7.40721e+01
 7.41020e+01
 7.41319e+01
 7.41618e+01
 7.41917e+01
 7.42216e+01
 7.42515e+01
 7.42814e+01
 7.43112e+01
 7.43411e+01
 7.43710e+01
 7.44009e+01
 7.44307e+01
 7.44606e+01
 7.44904e+01
 7.45203e+01
 7.45501e+01
 7.45800e+01
 7.46098e+01
 7.46397e+01
 7.46695e+01
 7.46994e+01
 7.47292e+01
 7.47590e+01
 7.47888e+01
 7.48187e+01
 7.48485e+01
 7.48783e+01
 7.49081e+01
 7.49379e+01
 7.49677e+01
 7.49975e+01
 7.50273e+01
 7.50571e+01
 7.50869e+01
 7.51167e+01
 7.51465e+01
 7.51763e+01
 7.52061e+01
 7.52358e+01
 7.52656e+01
 7.52954e+01
 7.53251e+01
 7.53549e+01
 7.53847e+01
 7.54144e+01
 7.54442e+01
 7.54739e+01
 7.55037e+01
 7.55334e+01
 7.55631e+01
 7.55929e+01
 7.56226e+01
 7.56523e+01
 7.56821e+01
 7.57118e+01
 7.57415e+01
 7.57712e+01
 7.58009e+01
 7.58306e+01
 7.58604e+01
 7.58901e+01
 7.59198e+01
 7.59494e+01
 7.59791e+01
 7.60088e+01
 7.60385e+01
 7.60682e+01
 7.60979e+01
 7.61275e+01
 7.61572e+01
 7.61869e+01
 7.62165e+01
 7.62462e+01
 7.62759e+01
 7.63055e+01
 7.63352e+01
 7.63648e+01
 7.63944e+01
 7.64241e+01
 7.64537e+01
 7.64834e+01
 7.65130e+01
 7.65426e+01
 7.65722e+01
 7.66018e+01
 7.66315e+01
 7.66611e+01
 7.66907e+01
 7.67203e+01
 7.67499e+01
 7.67795e+01
 7.68091e+01
 7.68387e+01
 7.68682e+01
 7.68978e+01
 7.69274e+01
 7.69570e+01
 7.69865e+01
 7.70161e+01
 7.70457e+01
 7.70752e+01
 7.71048e+01
 7.71343e+01
 7.71639e+01
 7.71934e+01
 7.72230e+01
 7.72525e+01
 7.72820e+01
 7.73116e+01
 7.73411e+01
 7.73706e+01
 7.74001e+01
 7.74297e+01
 7.74592e+01
 7.74887e+01
 7.75182e+01
 7.75477e+01
 7.75772e+01
 7.76067e+01
 7.76362e+01
 7.76657e+01
 7.76951e+01
 7.77246e+01
 7.77541e+01
 7.77836e+01
 7.78130e+01
 7.78425e+01
 7.78720e+01
 7.79014e+01
 7.79309e+01
 7.79603e+01
 7.79898e+01
 7.80192e+01
 7.80486e+01
 7.80781e+01
 7.81075e+01
 7.81369e+01
 7.81663e+01
 7.81958e+01
 7.82252e+01
 7.82546e+01
 7.82840e+01
 7.83134e+01
 7.83428e+01
 7.83722e+01
 7.84016e+01
 7.84310e+01
 7.84604e+01
 7.84897e+01
 7.85191e+01
 7.85485e+01
 7.85779e+01
 7.86072e+01
 7.86366e+01
 7.86659e+01
 7.86953e+01
 7.87246e+01
 7.87540e+01
 7.87833e+01
 7.88127e+01
 7.88420e+01
 7.88713e+01
 7.89006e+01
 7.89300e+01
 7.89593e+01
 7.89886e+01
 7.90179e+01
 7.90472e+01
 7.90765e+01
 7.91058e+01
 7.91351e+01
 7.91644e+01
 7.91937e+01
 7.92230e+01
 7.92522e+01
 7.92815e+01
 7.93108e+01
 7.93401e+01
 7.93693e+01
 7.93986e+01
 7.94278e+01
 7.94571e+01
 7.94863e+01
 7.95156e+01
 7.95448e+01
 7.95740e+01
 7.96033e+01
 7.96325e+01
 7.96617e+01
 7.96909e+01
 7.97202e+01
 7.97494e+01
 7.97786e+01
 7.98078e+01
 7.98370e+01
 7.98662e+01
 7.98954e+01
 7.99245e+01
 7.99537e+01
 7.99829e+01
 8.00121e+01
 8.00412e+01
 8.00704e+01
 8.00996e+01
 8.01287e+01
 8.01579e+01
 8.01870e+01
 8.02162e+01
 8.02453e+01
 8.02745e+01
 8.03036e+01
 8.03327e+01
 8.03618e+01
 8.03910e+01
 8.04201e+01
 8.04492e+01
 8.04783e+01
 8.05074e+01
 8.05365e+01
 8.05656e+01
 8.05947e+01
 8.06238e+01
 8.06529e+01
 8.06819e+01
 8.07110e+01
 8.07401e+01
 8.07691e+01
 8.07982e+01
 8.08273e+01
 8.08563e+01
 8.08854e+01
 8.09144e+01
 8.09434e+01
 8.09725e+01
 8.10015e+01
 8.10305e+01
 8.10596e+01
 8.10886e+01
 8.11176e+01
 8.11466e+01
 8.11756e+01
 8.12046e+01
 8.12336e+01
 8.12626e+01
 8.12916e+01
 8.13206e+01
 8.13496e+01
 8.13786e+01
 8.14075e+01
 8.14365e+01
 8.14655e+01
 8.14944e+01
 8.15234e+01
 8.15523e+01
 8.15813e+01
 8.16102e+01
 8.16392e+01
 8.16681e+01
 8.16970e+01
 8.17259e+01
 8.17549e+01
 8.17838e+01
 8.18127e+01
 8.18416e+01
 8.18705e+01
 8.18994e+01
 8.19283e+01
 8.19572e+01
 8.19861e+01
 8.20150e+01
 8.20438e+01
 8.20727e+01
 8.21016e+01
 8.21304e+01
 8.21593e+01
 8.21882e+01
 8.22170e+01
 8.22459e+01
 8.22747e+01
 8.23035e+01
 8.23324e+01
 8.23612e+01
 8.23900e+01
 8.24189e+01
 8.24477e+01
 8.24765e+01
 8.25053e+01
 8.25341e+01
 8.25629e+01
 8.25917e+01
 8.26205e+01
 8.26493e+01
 8.26780e+01
 8.27068e+01
 8.27356e+01
 8.27644e+01
 8.27931e+01
 8.28219e+01
 8.28506e+01
 8.28794e+01
 8.29081e+01
 8.29369e+01
 8.29656e+01
 8.29943e+01
 8.30231e+01
 8.30518e+01
 8.30805e+01
 8.31092e+01
 8.31379e+01
 8.31666e+01
 8.31953e+01
 8.32240e+01
 8.32527e+01
 8.32814e+01
 8.33101e+01
 8.33388e+01
 8.33674e+01
 8.33961e+01
 8.34248e+01
 8.34534e+01
 8.34821e+01
 8.35107e+01
 8.35394e+01
 8.35680e+01
 8.35966e+01
 8.36253e+01
 8.36539e+01
 8.36825e+01
 8.37111e+01
 8.37398e+01
 8.37684e+01
 8.37970e+01
 8.38256e+01
 8.38542e+01
 8.38828e+01
 8.39113e+01
 8.39399e+01
 8.39685e+01
 8.39971e+01
 8.40256e+01
 8.40542e+01
 8.40828e+01
 8.41113e+01
 8.41399e+01
 8.41684e+01
 8.41969e+01
 8.42255e+01
 8.42540e+01
 8.42825e+01
 8.43111e+01
 8.43396e+01
 8.43681e+01
 8.43966e+01
 8.44251e+01
 8.44536e+01
 8.44821e+01
 8.45106e+01
 8.45391e+01
 8.45675e+01
 8.45960e+01
 8.46245e+01
 8.46529e+01
 8.46814e+01
 8.47099e+01
 8.47383e+01
 8.47668e+01
 8.47952e+01
 8.48236e+01
 8.48521e+01
 8.48805e+01
 8.49089e+01
 8.49373e+01
 8.49657e+01
 8.49941e+01
 8.50226e+01
 8.50510e+01
 8.50793e+01
 8.51077e+01
 8.51361e+01
 8.51645e+01
 8.51929e+01
 8.52212e+01
 8.52496e+01
 8.52780e+01
 8.53063e+01
 8.53347e+01
 8.53630e+01
 8.53914e+01
 8.54197e+01
 8.54480e+01
 8.54764e+01
 8.55047e+01
 8.55330e+01
 8.55613e+01
 8.55896e+01
 8.56179e+01
 8.56462e+01
 8.56745e+01
 8.57028e+01
 8.57311e+01
 8.57593e+01
 8.57876e+01
 8.58159e+01
 8.58442e+01
 8.58724e+01
 8.59007e+01
 8.59289e+01
 8.59572e+01
 8.59854e+01
 8.60136e+01
 8.60419e+01
 8.60701e+01
 8.60983e+01
 8.61265e+01
 8.61547e+01
 8.61829e+01
 8.62111e+01
 8.62393e+01
 8.62675e+01
 8.62957e+01
 8.63239e+01
 8.63521e+01
 8.63802e+01
 8.64084e+01
 8.64366e+01
 8.64647e+01
 8.64929e+01
 8.65210e+01
 8.65492e+01
 8.65773e+01
 8.66054e+01
 8.66335e+01
 8.66617e+01
 8.66898e+01
 8.67179e+01
 8.67460e+01
 8.67741e+01
 8.68022e+01
 8.68303e+01
 8.68584e+01
 8.68865e+01
 8.69145e+01
 8.69426e+01
 8.69707e+01
 8.69987e+01
 8.70268e+01
 8.70548e+01
 8.70829e+01
 8.71109e+01
 8.71390e+01
 8.71670e+01
 8.71950e+01
 8.72230e+01
 8.72511e+01
 8.72791e+01
 8.73071e+01
 8.73351e+01
 8.73631e+01
 8.73911e+01
 8.74191e+01
 8.74470e+01
 8.74750e+01
 8.75030e+01
 8.75310e+01
 8.75589e+01
 8.75869e+01
 8.76148e+01
 8.76428e+01
 8.76707e+01
 8.76986e+01
 8.77266e+01
 8.77545e+01
 8.77824e+01
 8.78103e+01
 8.78382e+01
 8.78661e+01
 8.78940e+01
 8.79219e+01
 8.79498e+01
 8.79777e+01
 8.80056e+01
 8.80335e+01
 8.80613e+01
 8.80892e+01
 8.81171e+01
 8.81449e+01
 8.81728e+01
 8.82006e+01
 8.82285e+01
 8.82563e+01
 8.82841e+01
 8.83119e+01
 8.83398e+01
 8.83676e+01
 8.83954e+01
 8.84232e+01
 8.84510e+01
 8.84788e+01
 8.85066e+01
 8.85343e+01
 8.85621e+01
 8.85899e+01
 8.86177e+01
 8.86454e+01
 8.86732e+01
 8.87009e+01
 8.87287e+01
 8.87564e+01
 8.87841e+01
 8.88119e+01
 8.88396e+01
 8.88673e+01
 8.88950e+01
 8.89227e+01
 8.89504e+01
 8.89781e+01
 8.90058e+01
 8.90335e+01
 8.90612e+01
 8.90889e+01
 8.91166e+01
 8.91442e+01
 8.91719e+01
 8.91995e+01
 8.92272e+01
 8.92548e+01
 8.92825e+01
 8.93101e+01
 8.93377e+01
 8.93654e+01
 8.93930e+01
 8.94206e+01
 8.94482e+01
 8.94758e+01
 8.95034e+01
 8.95310e+01
 8.95586e+01
 8.95862e+01
 8.96138e+01
 8.96413e+01
 8.96689e+01
 8.96965e+01
 8.97240e+01
 8.97516e+01
 8.97791e+01
 8.98067e+01
 8.98342e+01
 8.98617e+01
 8.98893e+01
 8.99168e+01
 8.99443e+01
 8.99718e+01
 8.99993e+01
 9.00268e+01
 9.00543e+01
 9.00818e+01
 9.01093e+01
 9.01367e+01
 9.01642e+01
 9.01917e+01
 9.02191e+01
 9.02466e+01
 9.02740e+01
 9.03015e+01
 9.03289e+01
 9.03564e+01
 9.03838e+01
 9.04112e+01
 9.04386e+01
 9.04660e+01
 9.04934e+01
 9.05209e+01
 9.05482e+01
 9.05756e+01
 9.06030e+01
 9.06304e+01
 9.06578e+01
 9.06851e+01
 9.07125e+01
 9.07399e+01
 9.07672e+01
 9.07946e+01
 9.08219e+01
 9.08493e+01
 9.08766e+01
 9.09039e+01
 9.09312e+01
 9.09585e+01
 9.09859e+01
 9.10132e+01
 9.10405e+01
 9.10678e+01
 9.10950e+01
 9.11223e+01
 9.11496e+01
 9.11769e+01
 9.12041e+01
 9.12314e+01
 9.12587e+01
 9.12859e+01
 9.13131e+01
 9.13404e+01
 9.13676e+01
 9.13949e+01
 9.14221e+01
 9.14493e+01
 9.14765e+01
 9.15037e+01
 9.15309e+01
 9.15581e+01
 9.15853e+01
 9.16125e+01
 9.16397e+01
 9.16668e+01
 9.16940e+01
 9.17212e+01
 9.17483e+01
 9.17755e+01
 9.18026e+01
 9.18298e+01
 9.18569e+01
 9.18840e+01
 9.19111e+01
 9.19383e+01
 9.19654e+01
 9.19925e+01
 9.20196e+01
 9.20467e+01
 9.20738e+01
 9.21009e+01
 9.21279e+01
 9.21550e+01
 9.21821e+01
 9.22091e+01
 9.22362e+01
 9.22632e+01
 9.22903e+01
 9.23173e+01
 9.23444e+01
 9.23714e+01
 9.23984e+01
 9.24254e+01
 9.24524e+01
 9.24795e+01
 9.25065e+01
 9.25335e+01
 9.25604e+01
 9.25874e+01
 9.26144e+01
 9.26414e+01
 9.26683e+01
 9.26953e+01
 9.27223e+01
 9.27492e+01
 9.27762e+01
 9.28031e+01
 9.28300e+01
 9.28570e+01
 9.28839e+01
 9.29108e+01
 9.29377e+01
 9.29646e+01
 9.29915e+01
 9.30184e+01
 9.30453e+01
 9.30722e+01
 9.30991e+01
 9.31259e+01
 9.31528e+01
 9.31797e+01
 9.32065e+01
 9.32334e+01
 9.32602e+01
 9.32871e+01
 9.33139e+01
 9.33407e+01
 9.33675e+01
 9.33944e+01
 9.34212e+01
 9.34480e+01
 9.34748e+01
 9.35016e+01
 9.35284e+01
 9.35551e+01
 9.35819e+01
 9.36087e+01
 9.36354e+01
 9.36622e+01
 9.36890e+01
 9.37157e+01
 9.37425e+01
 9.37692e+01
 9.37959e+01
 9.38226e+01
 9.38494e+01
 9.38761e+01
 9.39028e+01
 9.39295e+01
 9.39562e+01
 9.39829e+01
 9.40096e+01
 9.40362e+01
 9.40629e+01
 9.40896e+01
 9.41162e+01
 9.41429e+01
 9.41695e+01
 9.41962e+01
 9.42228e+01
 9.42495e+01
 9.42761e+01
 9.43027e+01
 9.43293e+01
 9.43559e+01
 9.43825e+01
 9.44091e+01
 9.44357e+01
 9.44623e+01
 9.44889e+01
 9.45155e+01
 9.45421e+01
 9.45686e+01
 9.45952e+01
 