-3.73824e+01
 -3.73782e+01
 -3.73739e+01
 -3.73697e+01
 -3.73654e+01
 -3.73612e+01
 -3.73569e+01
 -3.73526e+01
 -3.73484e+01
 -3.73441e+01
 -3.73399e+01
 -3.73356e+01
 -3.73314e+01
 -3.73271e+01
 -3.73229e+01
 -3.73186e+01
 -3.73144e+01
 -3.73101e+01
 -3.73058e+01
 -3.73016e+01
 -3.72973e+01
 -3.72931e+01
 -3.72888e+01
 -3.72846e+01
 -3.72803e+01
 -3.72761e+01
 -3.72718e+01
 -3.72675e+01
 -3.72633e+01
 -3.72590e+01
 -3.72548e+01
 -3.72505e+01
 -3.72463e+01
 -3.72420e+01
 -3.72378e+01
 -3.72335e+01
 -3.72292e+01
 -3.72250e+01
 -3.72207e+01
 -3.72165e+01
 -3.72122e+01
 -3.72080e+01
 -3.72037e+01
 -3.71995e+01
 -3.71952e+01
 -3.71910e+01
 -3.71867e+01
 -3.71824e+01
 -3.71782e+01
 -3.71739e+01
 -3.71697e+01
 -3.71654e+01
 -3.71612e+01
 -3.71569e+01
 -3.71527e+01
 -3.71484e+01
 -3.71442e+01
 -3.71399e+01
 -3.71356e+01
 -3.71314e+01
 -3.71271e+01
 -3.71229e+01
 -3.71186e+01
 -3.71144e+01
 -3.71101e+01
 -3.71059e+01
 -3.71016e+01
 -3.70974e+01
 -3.70931e+01
 -3.70889e+01
 -3.70846e+01
 -3.70804e+01
 -3.70761e+01
 -3.70718e+01
 -3.70676e+01
 -3.70633e+01
 -3.70591e+01
 -3.70548e+01
 -3.70506e+01
 -3.70463e+01
 -3.70421e+01
 -3.70378e+01
 -3.70336e+01
 -3.70293e+01
 -3.70251e+01
 -3.70208e+01
 -3.70166e+01
 -3.70123e+01
 -3.70081e+01
 -3.70038e+01
 -3.69996e+01
 -3.69953e+01
 -3.69911e+01
 -3.69868e+01
 -3.69826e+01
 -3.69783e+01
 -3.69741e+01
 -3.69698e+01
 -3.69656e+01
 -3.69613e+01
 -3.69571e+01
 -3.69528e+01
 -3.69486e+01
 -3.69443e+01
 -3.69401e+01
 -3.69358e+01
 -3.69316e+01
 -3.69273e+01
 -3.69231e+01
 -3.69188e+01
 -3.69146e+01
 -3.69103e+01
 -3.69061e+01
 -3.69018e+01
 -3.68976e+01
 -3.68933e+01
 -3.68891e+01
 -3.68848e+01
 -3.68806e+01
 -3.68763e+01
 -3.68721e+01
 -3.68678e+01
 -3.68636e+01
 -3.68593e+01
 -3.68551e+01
 -3.68508e+01
 -3.68466e+01
 -3.68424e+01
 -3.68381e+01
 -3.68339e+01
 -3.68296e+01
 -3.68254e+01
 -3.68211e+01
 -3.68169e+01
 -3.68126e+01
 -3.68084e+01
 -3.68041e+01
 -3.67999e+01
 -3.67957e+01
 -3.67914e+01
 -3.67872e+01
 -3.67829e+01
 -3.67787e+01
 -3.67744e+01
 -3.67702e+01
 -3.67660e+01
 -3.67617e+01
 -3.67575e+01
 -3.67532e+01
 -3.67490e+01
 -3.67447e+01
 -3.67405e+01
 -3.67363e+01
 -3.67320e+01
 -3.67278e+01
 -3.67235e+01
 -3.67193e+01
 -3.67151e+01
 -3.67108e+01
 -3.67066e+01
 -3.67023e+01
 -3.66981e+01
 -3.66938e+01
 -3.66896e+01
 -3.66854e+01
 -3.66811e+01
 -3.66769e+01
 -3.66727e+01
 -3.66684e+01
 -3.66642e+01
 -3.66599e+01
 -3.66557e+01
 -3.66515e+01
 -3.66472e+01
 -3.66430e+01
 -3.66388e+01
 -3.66345e+01
 -3.66303e+01
 -3.66260e+01
 -3.66218e+01
 -3.66176e+01
 -3.66133e+01
 -3.66091e+01
 -3.66049e+01
 -3.66006e+01
 -3.65964e+01
 -3.65922e+01
 -3.65879e+01
 -3.65837e+01
 -3.65795e+01
 -3.65752e+01
 -3.65710e+01
 -3.65668e+01
 -3.65625e+01
 -3.65583e+01
 -3.65541e+01
 -3.65498e+01
 -3.65456e+01
 -3.65414e+01
 -3.65371e+01
 -3.65329e+01
 -3.65287e+01
 -3.65244e+01
 -3.65202e+01
 -3.65160e+01
 -3.65118e+01
 -3.65075e+01
 -3.65033e+01
 -3.64991e+01
 -3.64948e+01
 -3.64906e+01
 -3.64864e+01
 -3.64822e+01
 -3.64779e+01
 -3.64737e+01
 -3.64695e+01
 -3.64653e+01
 -3.64610e+01
 -3.64568e+01
 -3.64526e+01
 -3.64484e+01
 -3.64441e+01
 -3.64399e+01
 -3.64357e+01
 -3.64315e+01
 -3.64272e+01
 -3.64230e+01
 -3.64188e+01
 -3.64146e+01
 -3.64103e+01
 -3.64061e+01
 -3.64019e+01
 -3.63977e+01
 -3.63935e+01
 -3.63892e+01
 -3.63850e+01
 -3.63808e+01
 -3.63766e+01
 -3.63724e+01
 -3.63681e+01
 -3.63639e+01
 -3.63597e+01
 -3.63555e+01
 -3.63513e+01
 -3.63470e+01
 -3.63428e+01
 -3.63386e+01
 -3.63344e+01
 -3.63302e+01
 -3.63260e+01
 -3.63217e+01
 -3.63175e+01
 -3.63133e+01
 -3.63091e+01
 -3.63049e+01
 -3.63007e+01
 -3.62965e+01
 -3.62922e+01
 -3.62880e+01
 -3.62838e+01
 -3.62796e+01
 -3.62754e+01
 -3.62712e+01
 -3.62670e+01
 -3.62628e+01
 -3.62585e+01
 -3.62543e+01
 -3.62501e+01
 -3.62459e+01
 -3.62417e+01
 -3.62375e+01
 -3.62333e+01
 -3.62291e+01
 -3.62249e+01
 -3.62207e+01
 -3.62165e+01
 -3.62123e+01
 -3.62081e+01
 -3.62038e+01
 -3.61996e+01
 -3.61954e+01
 -3.61912e+01
 -3.61870e+01
 -3.61828e+01
 -3.61786e+01
 -3.61744e+01
 -3.61702e+01
 -3.61660e+01
 -3.61618e+01
 -3.61576e+01
 -3.61534e+01
 -3.61492e+01
 -3.61450e+01
 -3.61408e+01
 -3.61366e+01
 -3.61324e+01
 -3.61282e+01
 -3.61240e+01
 -3.61198e+01
 -3.61156e+01
 -3.61114e+01
 -3.61072e+01
 -3.61030e+01
 -3.60988e+01
 -3.60946e+01
 -3.60904e+01
 -3.60862e+01
 -3.60821e+01
 -3.60779e+01
 -3.60737e+01
 -3.60695e+01
 -3.60653e+01
 -3.60611e+01
 -3.60569e+01
 -3.60527e+01
 -3.60485e+01
 -3.60443e+01
 -3.60401e+01
 -3.60359e+01
 -3.60318e+01
 -3.60276e+01
 -3.60234e+01
 -3.60192e+01
 -3.60150e+01
 -3.60108e+01
 -3.60066e+01
 -3.60024e+01
 -3.59983e+01
 -3.59941e+01
 -3.59899e+01
 -3.59857e+01
 -3.59815e+01
 -3.59773e+01
 -3.59732e+01
 -3.59690e+01
 -3.59648e+01
 -3.59606e+01
 -3.59564e+01
 -3.59522e+01
 -3.59481e+01
 -3.59439e+01
 -3.59397e+01
 -3.59355e+01
 -3.59314e+01
 -3.59272e+01
 -3.59230e+01
 -3.59188e+01
 -3.59146e+01
 -3.59105e+01
 -3.59063e+01
 -3.59021e+01
 -3.58979e+01
 -3.58938e+01
 -3.58896e+01
 -3.58854e+01
 -3.58813e+01
 -3.58771e+01
 -3.58729e+01
 -3.58687e+01
 -3.58646e+01
 -3.58604e+01
 -3.58562e+01
 -3.58521e+01
 -3.58479e+01
 -3.58437e+01
 -3.58396e+01
 -3.58354e+01
 -3.58312e+01
 -3.58271e+01
 -3.58229e+01
 -3.58187e+01
 -3.58146e+01
 -3.58104e+01
 -3.58062e+01
 -3.58021e+01
 -3.57979e+01
 -3.57937e+01
 -3.57896e+01
 -3.57854e+01
 -3.57813e+01
 -3.57771e+01
 -3.57729e+01
 -3.57688e+01
 -3.57646e+01
 -3.57605e+01
 -3.57563e+01
 -3.57522e+01
 -3.57480e+01
 -3.57438e+01
 -3.57397e+01
 -3.57355e+01
 -3.57314e+01
 -3.57272e+01
 -3.57231e+01
 -3.57189e+01
 -3.57148e+01
 -3.57106e+01
 -3.57065e+01
 -3.57023e+01
 -3.56982e+01
 -3.56940e+01
 -3.56899e+01
 -3.56857e+01
 -3.56816e+01
 -3.56774e+01
 -3.56733e+01
 -3.56691e+01
 -3.56650e+01
 -3.56608e+01
 -3.56567e+01
 -3.56526e+01
 -3.56484e+01
 -3.56443e+01
 -3.56401e+01
 -3.56360e+01
 -3.56318e+01
 -3.56277e+01
 -3.56236e+01
 -3.56194e+01
 -3.56153e+01
 -3.56112e+01
 -3.56070e+01
 -3.56029e+01
 -3.55987e+01
 -3.55946e+01
 -3.55905e+01
 -3.55863e+01
 -3.55822e+01
 -3.55781e+01
 -3.55739e+01
 -3.55698e+01
 -3.55657e+01
 -3.55615e+01
 -3.55574e+01
 -3.55533e+01
 -3.55492e+01
 -3.55450e+01
 -3.55409e+01
 -3.55368e+01
 -3.55326e+01
 -3.55285e+01
 -3.55244e+01
 -3.55203e+01
 -3.55161e+01
 -3.55120e+01
 -3.55079e+01
 -3.55038e+01
 -3.54997e+01
 -3.54955e+01
 -3.54914e+01
 -3.54873e+01
 -3.54832e+01
 -3.54791e+01
 -3.54749e+01
 -3.54708e+01
 -3.54667e+01
 -3.54626e+01
 -3.54585e+01
 -3.54544e+01
 -3.54502e+01
 -3.54461e+01
 -3.54420e+01
 -3.54379e+01
 -3.54338e+01
 -3.54297e+01
 -3.54256e+01
 -3.54215e+01
 -3.54173e+01
 -3.54132e+01
 -3.54091e+01
 -3.54050e+01
 -3.54009e+01
 -3.53968e+01
 -3.53927e+01
 -3.53886e+01
 -3.53845e+01
 -3.53804e+01
 -3.53763e+01
 -3.53722e+01
 -3.53681e+01
 -3.53640e+01
 -3.53599e+01
 -3.53558e+01
 -3.53517e+01
 -3.53476e+01
 -3.53435e+01
 -3.53394e+01
 -3.53353e+01
 -3.53312e+01
 -3.53271e+01
 -3.53230e+01
 -3.53189e+01
 -3.53148e+01
 -3.53107e+01
 -3.53066e+01
 -3.53026e+01
 -3.52985e+01
 -3.52944e+01
 -3.52903e+01
 -3.52862e+01
 -3.52821e+01
 -3.52780e+01
 -3.52739e+01
 -3.52699e+01
 -3.52658e+01
 -3.52617e+01
 -3.52576e+01
 -3.52535e+01
 -3.52494e+01
 -3.52454e+01
 -3.52413e+01
 -3.52372e+01
 -3.52331e+01
 -3.52290e+01
 -3.52250e+01
 -3.52209e+01
 -3.52168e+01
 -3.52127e+01
 -3.52087e+01
 -3.52046e+01
 -3.52005e+01
 -3.51964e+01
 -3.51924e+01
 -3.51883e+01
 -3.51842e+01
 -3.51802e+01
 -3.51761e+01
 -3.51720e+01
 -3.51680e+01
 -3.51639e+01
 -3.51598e+01
 -3.51558e+01
 -3.51517e+01
 -3.51476e+01
 -3.51436e+01
 -3.51395e+01
 -3.51354e+01
 -3.51314e+01
 -3.51273e+01
 -3.51233e+01
 -3.51192e+01
 -3.51152e+01
 -3.51111e+01
 -3.51070e+01
 -3.51030e+01
 -3.50989e+01
 -3.50949e+01
 -3.50908e+01
 -3.50868e+01
 -3.50827e+01
 -3.50787e+01
 -3.50746e+01
 -3.50706e+01
 -3.50665e+01
 -3.50625e+01
 -3.50584e+01
 -3.50544e+01
 -3.50503e+01
 -3.50463e+01
 -3.50422e+01
 -3.50382e+01
 -3.50342e+01
 -3.50301e+01
 -3.50261e+01
 -3.50220e+01
 -3.50180e+01
 -3.50140e+01
 -3.50099e+01
 -3.50059e+01
 -3.50018e+01
 -3.49978e+01
 -3.49938e+01
 -3.49897e+01
 -3.49857e+01
 -3.49817e+01
 -3.49776e+01
 -3.49736e+01
 -3.49696e+01
 -3.49655e+01
 -3.49615e+01
 -3.49575e+01
 -3.49535e+01
 -3.49494e+01
 -3.49454e+01
 -3.49414e+01
 -3.49374e+01
 -3.49333e+01
 -3.49293e+01
 -3.49253e+01
 -3.49213e+01
 -3.49173e+01
 -3.49132e+01
 -3.49092e+01
 -3.49052e+01
 -3.49012e+01
 -3.48972e+01
 -3.48932e+01
 -3.48891e+01
 -3.48851e+01
 -3.48811e+01
 -3.48771e+01
 -3.48731e+01
 -3.48691e+01
 -3.48651e+01
 -3.48611e+01
 -3.48571e+01
 -3.48531e+01
 -3.48491e+01
 -3.48450e+01
 -3.48410e+01
 -3.48370e+01
 -3.48330e+01
 -3.48290e+01
 -3.48250e+01
 -3.48210e+01
 -3.48170e+01
 -3.48130e+01
 -3.48090e+01
 -3.48050e+01
 -3.48011e+01
 -3.47971e+01
 -3.47931e+01
 -3.47891e+01
 -3.47851e+01
 -3.47811e+01
 -3.47771e+01
 -3.47731e+01
 -3.47691e+01
 -3.47651e+01
 -3.47611e+01
 -3.47572e+01
 -3.47532e+01
 -3.47492e+01
 -3.47452e+01
 -3.47412e+01
 -3.47372e+01
 -3.47333e+01
 -3.47293e+01
 -3.47253e+01
 -3.47213e+01
 -3.47173e+01
 -3.47134e+01
 -3.47094e+01
 -3.47054e+01
 -3.47014e+01
 -3.46975e+01
 -3.46935e+01
 -3.46895e+01
 -3.46856e+01
 -3.46816e+01
 -3.46776e+01
 -3.46737e+01
 -3.46697e+01
 -3.46657e+01
 -3.46618e+01
 -3.46578e+01
 -3.46538e+01
 -3.46499e+01
 -3.46459e+01
 -3.46419e+01
 -3.46380e+01
 -3.46340e+01
 -3.46301e+01
 -3.46261e+01
 -3.46222e+01
 -3.46182e+01
 -3.46142e+01
 -3.46103e+01
 -3.46063e+01
 -3.46024e+01
 -3.45984e+01
 -3.45945e+01
 -3.45905e+01
 -3.45866e+01
 -3.45826e+01
 -3.45787e+01
 -3.45748e+01
 -3.45708e+01
 -3.45669e+01
 -3.45629e+01
 -3.45590e+01
 -3.45550e+01
 -3.45511e+01
 -3.45472e+01
 -3.45432e+01
 -3.45393e+01
 -3.45354e+01
 -3.45314e+01
 -3.45275e+01
 -3.45236e+01
 -3.45196e+01
 -3.45157e+01
 -3.45118e+01
 -3.45078e+01
 -3.45039e+01
 -3.45000e+01
 -3.44961e+01
 -3.44921e+01
 -3.44882e+01
 -3.44843e+01
 -3.44804e+01
 -3.44764e+01
 -3.44725e+01
 -3.44686e+01
 -3.44647e+01
 -3.44608e+01
 -3.44569e+01
 -3.44529e+01
 -3.44490e+01
 -3.44451e+01
 -3.44412e+01
 -3.44373e+01
 -3.44334e+01
 -3.44295e+01
 -3.44256e+01
 -3.44216e+01
 -3.44177e+01
 -3.44138e+01
 -3.44099e+01
 -3.44060e+01
 -3.44021e+01
 -3.43982e+01
 -3.43943e+01
 -3.43904e+01
 -3.43865e+01
 -3.43826e+01
 -3.43787e+01
 -3.43748e+01
 -3.43709e+01
 -3.43670e+01
 -3.43631e+01
 -3.43593e+01
 -3.43554e+01
 -3.43515e+01
 -3.43476e+01
 -3.43437e+01
 -3.43398e+01
 -3.43359e+01
 -3.43320e+01
 -3.43282e+01
 -3.43243e+01
 -3.43204e+01
 -3.43165e+01
 -3.43126e+01
 -3.43088e+01
 -3.43049e+01
 -3.43010e+01
 -3.42971e+01
 -3.42932e+01
 -3.42894e+01
 -3.42855e+01
 -3.42816e+01
 -3.42778e+01
 -3.42739e+01
 -3.42700e+01
 -3.42662e+01
 -3.42623e+01
 -3.42584e+01
 -3.42546e+01
 -3.42507e+01
 -3.42468e+01
 -3.42430e+01
 -3.42391e+01
 -3.42352e+01
 -3.42314e+01
 -3.42275e+01
 -3.42237e+01
 -3.42198e+01
 -3.42160e+01
 -3.42121e+01
 -3.42083e+01
 -3.42044e+01
 -3.42006e+01
 -3.41967e+01
 -3.41929e+01
 -3.41890e+01
 -3.41852e+01
 -3.41813e+01
 -3.41775e+01
 -3.41736e+01
 -3.41698e+01
 -3.41660e+01
 -3.41621e+01
 -3.41583e+01
 -3.41544e+01
 -3.41506e+01
 -3.41468e+01
 -3.41429e+01
 -3.41391e+01
 -3.41353e+01
 -3.41314e+01
 -3.41276e+01
 -3.41238e+01
 -3.41200e+01
 -3.41161e+01
 -3.41123e+01
 -3.41085e+01
 -3.41047e+01
 -3.41008e+01
 -3.40970e+01
 -3.40932e+01
 -3.40894e+01
 -3.40856e+01
 -3.40817e+01
 -3.40779e+01
 -3.40741e+01
 -3.40703e+01
 -3.40665e+01
 -3.40627e+01
 -3.40589e+01
 -3.40551e+01
 -3.40512e+01
 -3.40474e+01
 -3.40436e+01
 -3.40398e+01
 -3.40360e+01
 -3.40322e+01
 -3.40284e+01
 -3.40246e+01
 -3.40208e+01
 -3.40170e+01
 -3.40132e+01
 -3.40094e+01
 -3.40056e+01
 -3.40018e+01
 -3.39980e+01
 -3.39943e+01
 -3.39905e+01
 -3.39867e+01
 -3.39829e+01
 -3.39791e+01
 -3.39753e+01
 -3.39715e+01
 -3.39677e+01
 -3.39640e+01
 -3.39602e+01
 -3.39564e+01
 -3.39526e+01
 -3.39488e+01
 -3.39451e+01
 -3.39413e+01
 -3.39375e+01
 -3.39337e+01
 -3.39300e+01
 -3.39262e+01
 -3.39224e+01
 -3.39187e+01
 -3.39149e+01
 -3.39111e+01
 -3.39074e+01
 -3.39036e+01
 -3.38998e+01
 -3.38961e+01
 -3.38923e+01
 -3.38885e+01
 -3.38848e+01
 -3.38810e+01
 -3.38773e+01
 -3.38735e+01
 -3.38698e+01
 -3.38660e+01
 -3.38623e+01
 -3.38585e+01
 -3.38548e+01
 -3.38510e+01
 -3.38473e+01
 -3.38435e+01
 -3.38398e+01
 -3.38360e+01
 -3.38323e+01
 -3.38285e+01
 -3.38248e+01
 -3.38211e+01
 -3.38173e+01
 -3.38136e+01
 -3.38099e+01
 -3.38061e+01
 -3.38024e+01
 -3.37987e+01
 -3.37949e+01
 -3.37912e+01
 -3.37875e+01
 -3.37837e+01
 -3.37800e+01
 -3.37763e+01
 -3.37726e+01
 -3.37688e+01
 -3.37651e+01
 -3.37614e+01
 -3.37577e+01
 -3.37540e+01
 -3.37503e+01
 -3.37465e+01
 -3.37428e+01
 -3.37391e+01
 -3.37354e+01
 -3.37317e+01
 -3.37280e+01
 -3.37243e+01
 -3.37206e+01
 -3.37169e+01
 -3.37132e+01
 -3.37094e+01
 -3.37057e+01
 -3.37020e+01
 -3.36983e+01
 -3.36946e+01
 -3.36909e+01
 -3.36873e+01
 -3.36836e+01
 -3.36799e+01
 -3.36762e+01
 -3.36725e+01
 -3.36688e+01
 -3.36651e+01
 -3.36614e+01
 -3.36577e+01
 -3.36540e+01
 -3.36504e+01
 -3.36467e+01
 -3.36430e+01
 -3.36393e+01
 -3.36356e+01
 -3.36320e+01
 -3.36283e+01
 -3.36246e+01
 -3.36209e+01
 -3.36173e+01
 -3.36136e+01
 -3.36099e+01
 -3.36062e+01
 -3.36026e+01
 -3.35989e+01
 -3.35952e+01
 -3.35916e+01
 -3.35879e+01
 -3.35843e+01
 -3.35806e+01
 -3.35769e+01
 -3.35733e+01
 -3.35696e+01
 -3.35660e+01
 -3.35623e+01
 -3.35587e+01
 -3.35550e+01
 -3.35514e+01
 -3.35477e+01
 -3.35441e+01
 -3.35404e+01
 -3.35368e+01
 -3.35331e+01
 -3.35295e+01
 -3.35258e+01
 -3.35222e+01
 -3.35186e+01
 -3.35149e+01
 -3.35113e+01
 -3.35077e+01
 -3.35040e+01
 -3.35004e+01
 -3.34968e+01
 -3.34931e+01
 -3.34895e+01
 -3.34859e+01
 -3.34822e+01
 -3.34786e+01
 -3.34750e+01
 -3.34714e+01
 -3.34677e+01
 -3.34641e+01
 -3.34605e+01
 -3.34569e+01
 -3.34533e+01
 -3.34497e+01
 -3.34460e+01
 -3.34424e+01
 -3.34388e+01
 -3.34352e+01
 -3.34316e+01
 -3.34280e+01
 -3.34244e+01
 -3.34208e+01
 -3.34172e+01
 -3.34136e+01
 -3.34100e+01
 -3.34064e+01
 -3.34028e+01
 -3.33992e+01
 -3.33956e+01
 -3.33920e+01
 -3.33884e+01
 -3.33848e+01
 -3.33812e+01
 -3.33776e+01
 -3.33740e+01
 -3.33705e+01
 -3.33669e+01
 -3.33633e+01
 -3.33597e+01
 -3.33561e+01
 -3.33525e+01
 -3.33490e+01
 -3.33454e+01
 -3.33418e+01
 -3.33382e+01
 -3.33347e+01
 -3.33311e+01
 -3.33275e+01
 -3.33240e+01
 -3.33204e+01
 -3.33168e+01
 -3.33133e+01
 -3.33097e+01
 -3.33061e+01
 -3.33026e+01
 -3.32990e+01
 -3.32955e+01
 -3.32919e+01
 -3.32883e+01
 -3.32848e+01
 -3.32812e+01
 -3.32777e+01
 -3.32741e+01
 -3.32706e+01
 -3.32670e+01
 -3.32635e+01
 -3.32599e+01
 -3.32564e+01
 -3.32529e+01
 -3.32493e+01
 -3.32458e+01
 -3.32422e+01
 -3.32387e+01
 -3.32352e+01
 -3.32316e+01
 -3.32281e+01
 -3.32246e+01
 -3.32210e+01
 -3.32175e+01
 -3.32140e+01
 -3.32104e+01
 -3.32069e+01
 -3.32034e+01
 -3.31999e+01
 -3.31964e+01
 -3.31928e+01
 -3.31893e+01
 -3.31858e+01
 -3.31823e+01
 -3.31788e+01
 -3.31753e+01
 -3.31717e+01
 -3.31682e+01
 -3.31647e+01
 -3.31612e+01
 -3.31577e+01
 -3.31542e+01
 -3.31507e+01
 -3.31472e+01
 -3.31437e+01
 -3.31402e+01
 -3.31367e+01
 -3.31332e+01
 -3.31297e+01
 -3.31262e+01
 -3.31227e+01
 -3.31192e+01
 -3.31158e+01
 -3.31123e+01
 -3.31088e+01
 -3.31053e+01
 -3.31018e+01
 -3.30983e+01
 -3.30948e+01
 -3.30914e+01
 -3.30879e+01
 -3.30844e+01
 -3.30809e+01
 -3.30775e+01
 -3.30740e+01
 -3.30705e+01
 -3.30671e+01
 -3.30636e+01
 -3.30601e+01
 -3.30566e+01
 -3.30532e+01
 -3.30497e+01
 -3.30463e+01
 -3.30428e+01
 -3.30393e+01
 -3.30359e+01
 -3.30324e+01
 -3.30290e+01
 -3.30255e+01
 -3.30221e+01
 -3.30186e+01
 -3.30152e+01
 -3.30117e+01
 -3.30083e+01
 -3.30048e+01
 -3.30014e+01
 -3.29979e+01
 -3.29945e+01
 -3.29911e+01
 -3.29876e+01
 -3.29842e+01
 -3.29808e+01
 -3.29773e+01
 -3.29739e+01
 -3.29705e+01
 -3.29670e+01
 -3.29636e+01
 -3.29602e+01
 -3.29568e+01
 -3.29533e+01
 -3.29499e+01
 -3.29465e+01
 -3.29431e+01
 -3.29397e+01
 -3.29362e+01
 -3.29328e+01
 -3.29294e+01
 -3.29260e+01
 -3.29226e+01
 -3.29192e+01
 -3.29158e+01
 -3.29124e+01
 -3.29090e+01
 -3.29056e+01
 -3.29022e+01
 -3.28988e+01
 -3.28954e+01
 -3.28920e+01
 -3.28886e+01
 -3.28852e+01
 -3.28818e+01
 -3.28784e+01
 -3.28750e+01
 -3.28716e+01
 -3.28682e+01
 -3.28648e+01
 -3.28615e+01
 -3.28581e+01
 -3.28547e+01
 -3.28513e+01
 -3.28479e+01
 -3.28446e+01
 -3.28412e+01
 -3.28378e+01
 -3.28344e+01
 -3.28311e+01
 -3.28277e+01
 -3.28243e+01
 -3.28210e+01
 -3.28176e+01
 -3.28142e+01
 -3.28109e+01
 -3.28075e+01
 -3.28042e+01
 -3.28008e+01
 -3.27974e+01
 -3.27941e+01
 -3.27907e+01
 -3.27874e+01
 -3.27840e+01
 -3.27807e+01
 -3.27773e+01
 -3.27740e+01
 -3.27706e+01
 -3.27673e+01
 -3.27640e+01
 -3.27606e+01
 -3.27573e+01
 -3.27539e+01
 -3.27506e+01
 -3.27473e+01
 -3.27439e+01
 -3.27406e+01
 -3.27373e+01
 -3.27340e+01
 -3.27306e+01
 -3.27273e+01
 -3.27240e+01
 -3.27207e+01
 -3.27173e+01
 -3.27140e+01
 -3.27107e+01
 -3.27074e+01
 -3.27041e+01
 -3.27008e+01
 -3.26975e+01
 -3.26941e+01
 -3.26908e+01
 -3.26875e+01
 -3.26842e+01
 -3.26809e+01
 -3.26776e+01
 -3.26743e+01
 -3.26710e+01
 -3.26677e+01
 -3.26644e+01
 -3.26611e+01
 -3.26578e+01
 -3.26545e+01
 -3.26513e+01
 -3.26480e+01
 -3.26447e+01
 -3.26414e+01
 -3.26381e+01
 -3.26348e+01
 -3.26315e+01
 -3.26283e+01
 -3.26250e+01
 -3.26217e+01
 -3.26184e+01
 -3.26152e+01
 -3.26119e+01
 -3.26086e+01
 -3.26053e+01
 -3.26021e+01
 -3.25988e+01
 -3.25956e+01
 -3.25923e+01
 -3.25890e+01
 -3.25858e+01
 -3.25825e+01
 -3.25793e+01
 -3.25760e+01
 -3.25727e+01
 -3.25695e+01
 -3.25662e+01
 -3.25630e+01
 -3.25597e+01
 -3.25565e+01
 -3.25533e+01
 -3.25500e+01
 -3.25468e+01
 -3.25435e+01
 -3.25403e+01
 -3.25371e+01
 -3.25338e+01
 -3.25306e+01
 -3.25274e+01
 -3.25241e+01
 -3.25209e+01
 -3.25177e+01
 -3.25144e+01
 -3.25112e+01
 -3.25080e+01
 -3.25048e+01
 -3.25016e+01
 -3.24983e+01
 -3.24951e+01
 -3.24919e+01
 -3.24887e+01
 -3.24855e+01
 -3.24823e+01
 -3.24791e+01
 -3.24759e+01
 -3.24727e+01
 -3.24694e+01
 -3.24662e+01
 -3.24630e+01
 -3.24598e+01
 -3.24566e+01
 -3.24535e+01
 -3.24503e+01
 -3.24471e+01
 -3.24439e+01
 -3.24407e+01
 -3.24375e+01
 -3.24343e+01
 -3.24311e+01
 -3.24279e+01
 -3.24248e+01
 -3.24216e+01
 -3.24184e+01
 -3.24152e+01
 -3.24120e+01
 -3.24089e+01
 -3.24057e+01
 -3.24025e+01
 -3.23994e+01
 -3.23962e+01
 -3.23930e+01
 -3.23899e+01
 -3.23867e+01
 -3.23835e+01
 -3.23804e+01
 -3.23772e+01
 -3.23741e+01
 -3.23709e+01
 -3.23678e+01
 -3.23646e+01
 -3.23615e+01
 -3.23583e+01
 -3.23552e+01
 -3.23520e+01
 -3.23489e+01
 -3.23457e+01
 -3.23426e+01
 -3.23394e+01
 -3.23363e+01
 -3.23332e+01
 -3.23300e+01
 -3.23269e+01
 -3.23238e+01
 -3.23206e+01
 -3.23175e+01
 -3.23144e+01
 -3.23113e+01
 -3.23081e+01
 -3.23050e+01
 -3.23019e+01
 -3.22988e+01
 -3.22957e+01
 -3.22926e+01
 -3.22894e+01
 -3.22863e+01
 -3.22832e+01
 -3.22801e+01
 -3.22770e+01
 -3.22739e+01
 -3.22708e+01
 -3.22677e+01
 -3.22646e+01
 -3.22615e+01
 -3.22584e+01
 -3.22553e+01
 -3.22522e+01
 -3.22491e+01
 -3.22460e+01
 -3.22429e+01
 -3.22398e+01
 -3.22368e+01
 -3.22337e+01
 -3.22306e+01
 -3.22275e+01
 -3.22244e+01
 -3.22214e+01
 -3.22183e+01
 -3.22152e+01
 -3.22121e+01
 -3.22091e+01
 -3.22060e+01
 -3.22029e+01
 -3.21999e+01
 -3.21968e+01
 -3.21937e+01
 -3.21907e+01
 -3.21876e+01
 -3.21846e+01
 -3.21815e+01
 -3.21784e+01
 -3.21754e+01
 -3.21723e+01
 -3.21693e+01
 -3.21662e+01
 -3.21632e+01
 -3.21601e+01
 -3.21571e+01
 -3.21541e+01
 -3.21510e+01
 -3.21480e+01
 -3.21450e+01
 -3.21419e+01
 -3.21389e+01
 -3.21359e+01
 -3.21328e+01
 -3.21298e+01
 -3.21268e+01
 -3.21237e+01
 -3.21207e+01
 -3.21177e+01
 -3.21147e+01
 -3.21117e+01
 -3.21086e+01
 -3.21056e+01
 -3.21026e+01
 -3.20996e+01
 -3.20966e+01
 -3.20936e+01
 -3.20906e+01
 -3.20876e+01
 -3.20846e+01
 -3.20816e+01
 -3.20786e+01
 -3.20756e+01
 -3.20726e+01
 -3.20696e+01
 -3.20666e+01
 -3.20636e+01
 -3.20606e+01
 -3.20576e+01
 -3.20546e+01
 -3.20516e+01
 -3.20487e+01
 -3.20457e+01
 -3.20427e+01
 -3.20397e+01
 -3.20367e+01
 -3.20338e+01
 -3.20308e+01
 -3.20278e+01
 -3.20248e+01
 -3.20219e+01
 -3.20189e+01
 -3.20159e+01
 -3.20130e+01
 -3.20100e+01
 -3.20071e+01
 -3.20041e+01
 -3.20011e+01
 -3.19982e+01
 -3.19952e+01
 -3.19923e+01
 -3.19893e+01
 -3.19864e+01
 -3.19834e+01
 -3.19805e+01
 -3.19775e+01
 -3.19746e+01
 -3.19717e+01
 -3.19687e+01
 -3.19658e+01
 -3.19629e+01
 -3.19599e+01
 -3.19570e+01
 -3.19541e+01
 -3.19511e+01
 -3.19482e+01
 -3.19453e+01
 -3.19424e+01
 -3.19394e+01
 -3.19365e+01
 -3.19336e+01
 -3.19307e+01
 -3.19278e+01
 -3.19249e+01
 -3.19219e+01
 -3.19190e+01
 -3.19161e+01
 -3.19132e+01
 -3.19103e+01
 -3.19074e+01
 -3.19045e+01
 -3.19016e+01
 -3.18987e+01
 -3.18958e+01
 -3.18929e+01
 -3.18900e+01
 -3.18871e+01
 -3.18843e+01
 -3.18814e+01
 -3.18785e+01
 -3.18756e+01
 -3.18727e+01
 -3.18698e+01
 -3.18670e+01
 -3.18641e+01
 -3.18612e+01
 -3.18583e+01
 -3.18555e+01
 -3.18526e+01
 -3.18497e+01
 -3.18469e+01
 -3.18440e+01
 -3.18411e+01
 -3.18383e+01
 -3.18354e+01
 -3.18326e+01
 -3.18297e+01
 -3.18268e+01
 -3.18240e+01
 -3.18211e+01
 -3.18183e+01
 -3.18154e+01
 -3.18126e+01
 -3.18097e+01
 -3.18069e+01
 -3.18041e+01
 -3.18012e+01
 -3.17984e+01
 -3.17956e+01
 -3.17927e+01
 -3.17899e+01
 -3.17871e+01
 -3.17842e+01
 -3.17814e+01
 -3.17786e+01
 -3.17758e+01
 -3.17729e+01
 -3.17701e+01
 -3.17673e+01
 -3.17645e+01
 -3.17617e+01
 -3.17588e+01
 -3.17560e+01
 -3.17532e+01
 -3.17504e+01
 -3.17476e+01
 -3.17448e+01
 -3.17420e+01
 -3.17392e+01
 -3.17364e+01
 -3.17336e+01
 -3.17308e+01
 -3.17280e+01
 -3.17252e+01
 -3.17224e+01
 -3.17196e+01
 -3.17169e+01
 -3.17141e+01
 -3.17113e+01
 -3.17085e+01
 -3.17057e+01
 -3.17030e+01
 -3.17002e+01
 -3.16974e+01
 -3.16946e+01
 -3.16919e+01
 -3.16891e+01
 -3.16863e+01
 -3.16836e+01
 -3.16808e+01
 -3.16780e+01
 -3.16753e+01
 -3.16725e+01
 -3.16697e+01
 -3.16670e+01
 -3.16642e+01
 -3.16615e+01
 -3.16587e+01
 -3.16560e+01
 -3.16532e+01
 -3.16505e+01
 -3.16478e+01
 -3.16450e+01
 -3.16423e+01
 -3.16395e+01
 -3.16368e+01
 -3.16341e+01
 -3.16313e+01
 -3.16286e+01
 -3.16259e+01
 -3.16231e+01
 -3.16204e+01
 -3.16177e+01
 -3.16150e+01
 -3.16123e+01
 -3.16095e+01
 -3.16068e+01
 -3.16041e+01
 -3.16014e+01
 -3.15987e+01
 -3.15960e+01
 -3.15933e+01
 -3.15906e+01
 -3.15878e+01
 -3.15851e+01
 -3.15824e+01
 -3.15797e+01
 -3.15770e+01
 -3.15744e+01
 -3.15717e+01
 -3.15690e+01
 -3.15663e+01
 -3.15636e+01
 -3.15609e+01
 -3.15582e+01
 -3.15555e+01
 -3.15529e+01
 -3.15502e+01
 -3.15475e+01
 -3.15448e+01
 -3.15421e+01
 -3.15395e+01
 -3.15368e+01
 -3.15341e+01
 -3.15315e+01
 -3.15288e+01
 -3.15261e+01
 -3.15235e+01
 -3.15208e+01
 -3.15182e+01
 -3.15155e+01
 -3.15128e+01
 -3.15102e+01
 -3.15075e+01
 -3.15049e+01
 -3.15022e+01
 -3.14996e+01
 -3.14970e+01
 -3.14943e+01
 -3.14917e+01
 -3.14890e+01
 -3.14864e+01
 -3.14838e+01
 -3.14811e+01
 -3.14785e+01
 -3.14759e+01
 -3.14732e+01
 -3.14706e+01
 -3.14680e+01
 -3.14654e+01
 -3.14627e+01
 -3.14601e+01
 -3.14575e+01
 -3.14549e+01
 -3.14523e+01
 -3.14497e+01
 -3.14471e+01
 -3.14444e+01
 -3.14418e+01
 -3.14392e+01
 -3.14366e+01
 -3.14340e+01
 -3.14314e+01
 -3.14288e+01
 -3.14262e+01
 -3.14236e+01
 -3.14211e+01
 -3.14185e+01
 -3.14159e+01
 -3.14133e+01
 -3.14107e+01
 -3.14081e+01
 -3.14055e+01
 -3.14030e+01
 -3.14004e+01
 -3.13978e+01
 -3.13952e+01
 -3.13927e+01
 -3.13901e+01
 -3.13875e+01
 -3.13850e+01
 -3.13824e+01
 -3.13798e+01
 -3.13773e+01
 -3.13747e+01
 -3.13722e+01
 -3.13696e+01
 -3.13670e+01
 -3.13645e+01
 -3.13619e+01
 -3.13594e+01
 -3.13568e+01
 -3.13543e+01
 -3.13518e+01
 -3.13492e+01
 -3.13467e+01
 -3.13441e+01
 -3.13416e+01
 -3.13391e+01
 -3.13365e+01
 -3.13340e+01
 -3.13315e+01
 -3.13290e+01
 -3.13264e+01
 -3.13239e+01
 -3.13214e+01
 -3.13189e+01
 -3.13163e+01
 -3.13138e+01
 -3.13113e+01
 -3.13088e+01
 -3.13063e+01
 -3.13038e+01
 -3.13013e+01
 -3.12988e+01
 -3.12963e+01
 -3.12938e+01
 -3.12913e+01
 -3.12888e+01
 -3.12863e+01
 -3.12838e+01
 -3.12813e+01
 -3.12788e+01
 -3.12763e+01
 -3.12738e+01
 -3.12713e+01
 -3.12689e+01
 -3.12664e+01
 -3.12639e+01
 -3.12614e+01
 -3.12589e+01
 -3.12565e+01
 -3.12540e+01
 -3.12515e+01
 -3.12491e+01
 -3.12466e+01
 -3.12441e+01
 -3.12417e+01
 -3.12392e+01
 -3.12367e+01
 -3.12343e+01
 -3.12318e+01
 -3.12294e+01
 -3.12269e+01
 -3.12245e+01
 -3.12220e+01
 -3.12196e+01
 -3.12171e+01
 -3.12147e+01
 -3.12122e+01
 -3.12098e+01
 -3.12074e+01
 -3.12049e+01
 -3.12025e+01
 -3.12001e+01
 -3.11976e+01
 -3.11952e+01
 -3.11928e+01
 -3.11904e+01
 -3.11879e+01
 -3.11855e+01
 -3.11831e+01
 -3.11807e+01
 -3.11783e+01
 -3.11759e+01
 -3.11734e+01
 -3.11710e+01
 -3.11686e+01
 -3.11662e+01
 -3.11638e+01
 -3.11614e+01
 -3.11590e+01
 -3.11566e+01
 -3.11542e+01
 -3.11518e+01
 -3.11494e+01
 -3.11470e+01
 -3.11446e+01
 -3.11423e+01
 -3.11399e+01
 -3.11375e+01
 -3.11351e+01
 -3.11327e+01
 -3.11303e+01
 -3.11280e+01
 -3.11256e+01
 -3.11232e+01
 -3.11209e+01
 -3.11185e+01
 -3.11161e+01
 -3.11138e+01
 -3.11114e+01
 -3.11090e+01
 -3.11067e+01
 -3.11043e+01
 -3.11020e+01
 -3.10996e+01
 -3.10972e+01
 -3.10949e+01
 -3.10925e+01
 -3.10902e+01
 -3.10879e+01
 -3.10855e+01
 -3.10832e+01
 -3.10808e+01
 -3.10785e+01
 -3.10762e+01
 -3.10738e+01
 -3.10715e+01
 -3.10692e+01
 -3.10668e+01
 -3.10645e+01
 -3.10622e+01
 -3.10599e+01
 -3.10575e+01
 -3.10552e+01
 -3.10529e+01
 -3.10506e+01
 -3.10483e+01
 -3.10460e+01
 -3.10436e+01
 -3.10413e+01
 -3.10390e+01
 -3.10367e+01
 -3.10344e+01
 -3.10321e+01
 -3.10298e+01
 -3.10275e+01
 -3.10252e+01
 -3.10229e+01
 -3.10207e+01
 -3.10184e+01
 -3.10161e+01
 -3.10138e+01
 -3.10115e+01
 -3.10092e+01
 -3.10069e+01
 -3.10047e+01
 -3.10024e+01
 -3.10001e+01
 -3.09978e+01
 -3.09956e+01
 -3.09933e+01
 -3.09910e+01
 -3.09888e+01
 -3.09865e+01
 -3.09842e+01
 -3.09820e+01
 -3.09797e+01
 -3.09775e+01
 -3.09752e+01
 -3.09730e+01
 -3.09707e+01
 -3.09685e+01
 -3.09662e+01
 -3.09640e+01
 -3.09617e+01
 -3.09595e+01
 -3.09573e+01
 -3.09550e+01
 -3.09528e+01
 -3.09505e+01
 -3.09483e+01
 -3.09461e+01
 -3.09439e+01
 -3.09416e+01
 -3.09394e+01
 -3.09372e+01
 -3.09350e+01
 -3.09327e+01
 -3.09305e+01
 -3.09283e+01
 -3.09261e+01
 -3.09239e+01
 -3.09217e+01
 -3.09195e+01
 -3.09173e+01
 -3.09151e+01
 -3.09129e+01
 -3.09107e+01
 -3.09085e+01
 -3.09063e+01
 -3.09041e+01
 -3.09019e+01
 -3.08997e+01
 -3.08975e+01
 -3.08953e+01
 -3.08931e+01
 -3.08910e+01
 -3.08888e+01
 -3.08866e+01
 -3.08844e+01
 -3.08822e+01
 -3.08801e+01
 -3.08779e+01
 -3.08757e+01
 -3.08736e+01
 -3.08714e+01
 -3.08692e+01
 -3.08671e+01
 -3.08649e+01
 -3.08627e+01
 -3.08606e+01
 -3.08584e+01
 -3.08563e+01
 -3.08541e+01
 -3.08520e+01
 -3.08498e+01
 -3.08477e+01
 -3.08455e+01
 -3.08434e+01
 -3.08413e+01
 -3.08391e+01
 -3.08370e+01
 -3.08349e+01
 -3.08327e+01
 -3.08306e+01
 -3.08285e+01
 -3.08263e+01
 -3.08242e+01
 -3.08221e+01
 -3.08200e+01
 -3.08179e+01
 -3.08157e+01
 -3.08136e+01
 -3.08115e+01
 -3.08094e+01
 -3.08073e+01
 -3.08052e+01
 -3.08031e+01
 -3.08010e+01
 -3.07989e+01
 -3.07968e+01
 -3.07947e+01
 -3.07926e+01
 -3.07905e+01
 -3.07884e+01
 -3.07863e+01
 -3.07842e+01
 -3.07821e+01
 -3.07800e+01
 -3.07780e+01
 -3.07759e+01
 -3.07738e+01
 -3.07717e+01
 -3.07696e+01
 -3.07676e+01
 -3.07655e+01
 -3.07634e+01
 -3.07614e+01
 -3.07593e+01
 -3.07572e+01
 -3.07552e+01
 -3.07531e+01
 -3.07510e+01
 -3.07490e+01
 -3.07469e+01
 -3.07449e+01
 -3.07428e+01
 -3.07408e+01
 -3.07387e+01
 -3.07367e+01
 -3.07346e+01
 -3.07326e+01
 -3.07306e+01
 -3.07285e+01
 -3.07265e+01
 -3.07244e+01
 -3.07224e+01
 -3.07204e+01
 -3.07184e+01
 -3.07163e+01
 -3.07143e+01
 -3.07123e+01
 -3.07103e+01
 -3.07082e+01
 -3.07062e+01
 -3.07042e+01
 -3.07022e+01
 -3.07002e+01
 -3.06982e+01
 -3.06962e+01
 -3.06942e+01
 -3.06922e+01
 -3.06902e+01
 -3.06882e+01
 -3.06862e+01
 -3.06842e+01
 -3.06822e+01
 -3.06802e+01
 -3.06782e+01
 -3.06762e+01
 -3.06742e+01
 -3.06722e+01
 -3.06702e+01
 -3.06683e+01
 -3.06663e+01
 -3.06643e+01
 -3.06623e+01
 -3.06604e+01
 -3.06584e+01
 -3.06564e+01
 -3.06544e+01
 -3.06525e+01
 -3.06505e+01
 -3.06486e+01
 -3.06466e+01
 -3.06446e+01
 -3.06427e+01
 -3.06407e+01
 -3.06388e+01
 -3.06368e+01
 -3.06349e+01
 -3.06329e+01
 -3.06310e+01
 -3.06290e+01
 -3.06271e+01
 -3.06251e+01
 -3.06232e+01
 -3.06213e+01
 -3.06193e+01
 -3.06174e+01
 -3.06155e+01
 -3.06136e+01
 -3.06116e+01
 -3.06097e+01
 -3.06078e+01
 -3.06059e+01
 -3.06039e+01
 -3.06020e+01
 -3.06001e+01
 -3.05982e+01
 -3.05963e+01
 -3.05944e+01
 -3.05925e+01
 -3.05906e+01
 -3.05887e+01
 -3.05868e+01
 -3.05849e+01
 -3.05830e+01
 -3.05811e+01
 -3.05792e+01
 -3.05773e+01
 -3.05754e+01
 -3.05735e+01
 -3.05716e+01
 -3.05697e+01
 -3.05678e+01
 -3.05660e+01
 -3.05641e+01
 -3.05622e+01
 -3.05603e+01
 -3.05585e+01
 -3.05566e+01
 -3.05547e+01
 -3.05528e+01
 -3.05510e+01
 -3.05491e+01
 -3.05473e+01
 -3.05454e+01
 -3.05435e+01
 -3.05417e+01
 -3.05398e+01
 -3.05380e+01
 -3.05361e+01
 -3.05343e+01
 -3.05324e+01
 -3.05306e+01
 -3.05287e+01
 -3.05269e+01
 -3.05251e+01
 -3.05232e+01
 -3.05214e+01
 -3.05196e+01
 -3.05177e+01
 -3.05159e+01
 -3.05141e+01
 -3.05122e+01
 -3.05104e+01
 -3.05086e+01
 -3.05068e+01
 -3.05050e+01
 -3.05031e+01
 -3.05013e+01
 -3.04995e+01
 -3.04977e+01
 -3.04959e+01
 -3.04941e+01
 -3.04923e+01
 -3.04905e+01
 -3.04887e+01
 -3.04869e+01
 -3.04851e+01
 -3.04833e+01
 -3.04815e+01
 -3.04797e+01
 -3.04779e+01
 -3.04761e+01
 -3.04743e+01
 -3.04725e+01
 -3.04708e+01
 -3.04690e+01
 -3.04672e+01
 -3.04654e+01
 -3.04637e+01
 -3.04619e+01
 -3.04601e+01
 -3.04583e+01
 -3.04566e+01
 -3.04548e+01
 -3.04530e+01
 -3.04513e+01
 -3.04495e+01
 -3.04478e+01
 -3.04460e+01
 -3.04443e+01
 -3.04425e+01
 -3.04408e+01
 -3.04390e+01
 -3.04373e+01
 -3.04355e+01
 -3.04338e+01
 -3.04320e+01
 -3.04303e+01
 -3.04286e+01
 -3.04268e+01
 -3.04251e+01
 -3.04234e+01
 -3.04216e+01
 -3.04199e+01
 -3.04182e+01
 -3.04165e+01
 -3.04147e+01
 -3.04130e+01
 -3.04113e+01
 -3.04096e+01
 -3.04079e+01
 -3.04062e+01
 -3.04044e+01
 -3.04027e+01
 -3.04010e+01
 -3.03993e+01
 -3.03976e+01
 -3.03959e+01
 -3.03942e+01
 -3.03925e+01
 -3.03908e+01
 -3.03891e+01
 -3.03874e+01
 -3.03858e+01
 -3.03841e+01
 -3.03824e+01
 -3.03807e+01
 -3.03790e+01
 -3.03773e+01
 -3.03757e+01
 -3.03740e+01
 -3.03723e+01
 -3.03706e+01
 -3.03690e+01
 -3.03673e+01
 -3.03656e+01
 -3.03640e+01
 -3.03623e+01
 -3.03606e+01
 -3.03590e+01
 -3.03573e+01
 -3.03557e+01
 -3.03540e+01
 -3.03524e+01
 -3.03507e+01
 -3.03491e+01
 -3.03474e+01
 -3.03458e+01
 -3.03441e+01
 -3.03425e+01
 -3.03409e+01
 -3.03392e+01
 -3.03376e+01
 -3.03360e+01
 -3.03343e+01
 -3.03327e+01
 -3.03311e+01
 -3.03294e+01
 -3.03278e+01
 -3.03262e+01
 -3.03246e+01
 -3.03230e+01
 -3.03213e+01
 -3.03197e+01
 -3.03181e+01
 -3.03165e+01
 -3.03149e+01
 -3.03133e+01
 -3.03117e+01
 -3.03101e+01
 -3.03085e+01
 -3.03069e+01
 -3.03053e+01
 -3.03037e+01
 -3.03021e+01
 -3.03005e+01
 -3.02989e+01
 -3.02973e+01
 -3.02958e+01
 -3.02942e+01
 -3.02926e+01
 -3.02910e+01
 -3.02894e+01
 -3.02879e+01
 -3.02863e+01
 -3.02847e+01
 -3.02831e+01
 -3.02816e+01
 -3.02800e+01
 -3.02784e+01
 -3.02769e+01
 -3.02753e+01
 -3.02738e+01
 -3.02722e+01
 -3.02706e+01
 -3.02691e+01
 -3.02675e+01
 -3.02660e+01
 -3.02644e+01
 -3.02629e+01
 -3.02614e+01
 -3.02598e+01
 -3.02583e+01
 -3.02567e+01
 -3.02552e+01
 -3.02537e+01
 -3.02521e+01
 -3.02506e+01
 -3.02491e+01
 -3.02475e+01
 -3.02460e+01
 -3.02445e+01
 -3.02430e+01
 -3.02415e+01
 -3.02399e+01
 -3.02384e+01
 -3.02369e+01
 -3.02354e+01
 -3.02339e+01
 -3.02324e+01
 -3.02309e+01
 -3.02294e+01
 -3.02279e+01
 -3.02264e+01
 -3.02249e+01
 -3.02234e+01
 -3.02219e+01
 -3.02204e+01
 -3.02189e+01
 -3.02174e+01
 -3.02159e+01
 -3.02144e+01
 -3.02129e+01
 -3.02115e+01
 -3.02100e+01
 -3.02085e+01
 -3.02070e+01
 -3.02056e+01
 -3.02041e+01
 -3.02026e+01
 -3.02011e+01
 -3.01997e+01
 -3.01982e+01
 -3.01968e+01
 -3.01953e+01
 -3.01938e+01
 -3.01924e+01
 -3.01909e+01
 -3.01895e+01
 -3.01880e+01
 -3.01866e+01
 -3.01851e+01
 -3.01837e+01
 -3.01822e+01
 -3.01808e+01
 -3.01793e+01
 -3.01779e+01
 -3.01765e+01
 -3.01750e+01
 -3.01736e+01
 -3.01722e+01
 -3.01707e+01
 -3.01693e+01
 -3.01679e+01
 -3.01665e+01
 -3.01650e+01
 -3.01636e+01
 -3.01622e+01
 -3.01608e+01
 -3.01594e+01
 -3.01580e+01
 -3.01566e+01
 -3.01551e+01
 -3.01537e+01
 -3.01523e+01
 -3.01509e+01
 -3.01495e+01
 -3.01481e+01
 -3.01467e+01
 -3.01453e+01
 -3.01439e+01
 -3.01426e+01
 -3.01412e+01
 -3.01398e+01
 -3.01384e+01
 -3.01370e+01
 -3.01356e+01
 -3.01342e+01
 -3.01329e+01
 -3.01315e+01
 -3.01301e+01
 -3.01287e+01
 -3.01274e+01
 -3.01260e+01
 -3.01246e+01
 -3.01233e+01
 -3.01219e+01
 -3.01205e+01
 -3.01192e+01
 -3.01178e+01
 -3.01165e+01
 -3.01151e+01
 -3.01138e+01
 -3.01124e+01
 -3.01111e+01
 -3.01097e+01
 -3.01084e+01
 -3.01070e+01
 -3.01057e+01
 -3.01044e+01
 -3.01030e+01
 -3.01017e+01
 -3.01003e+01
 -3.00990e+01
 -3.00977e+01
 -3.00964e+01
 -3.00950e+01
 -3.00937e+01
 -3.00924e+01
 -3.00911e+01
 -3.00897e+01
 -3.00884e+01
 -3.00871e+01
 -3.00858e+01
 -3.00845e+01
 -3.00832e+01
 -3.00819e+01
 -3.00806e+01
 -3.00793e+01
 -3.00780e+01
 -3.00767e+01
 -3.00754e+01
 -3.00741e+01
 -3.00728e+01
 -3.00715e+01
 -3.00702e+01
 -3.00689e+01
 -3.00676e+01
 -3.00663e+01
 -3.00650e+01
 -3.00638e+01
 -3.00625e+01
 -3.00612e+01
 -3.00599e+01
 -3.00587e+01
 -3.00574e+01
 -3.00561e+01
 -3.00548e+01
 -3.00536e+01
 -3.00523e+01
 -3.00511e+01
 -3.00498e+01
 -3.00485e+01
 -3.00473e+01
 -3.00460e+01
 -3.00448e+01
 -3.00435e+01
 -3.00423e+01
 -3.00410e+01
 -3.00398e+01
 -3.00385e+01
 -3.00373e+01
 -3.00360e+01
 -3.00348e+01
 -3.00336e+01
 -3.00323e+01
 -3.00311e+01
 -3.00299e+01
 -3.00286e+01
 -3.00274e+01
 -3.00262e+01
 -3.00250e+01
 -3.00237e+01
 -3.00225e+01
 -3.00213e+01
 -3.00201e+01
 -3.00189e+01
 -3.00177e+01
 -3.00164e+01
 -3.00152e+01
 -3.00140e+01
 -3.00128e+01
 -3.00116e+01
 -3.00104e+01
 -3.00092e+01
 -3.00080e+01
 -3.00068e+01
 -3.00056e+01
 -3.00044e+01
 -3.00033e+01
 -3.00021e+01
 -3.00009e+01
 -2.99997e+01
 -2.99985e+01
 -2.99973e+01
 -2.99961e+01
 -2.99950e+01
 -2.99938e+01
 -2.99926e+01
 -2.99914e+01
 -2.99903e+01
 -2.99891e+01
 -2.99879e+01
 -2.99868e+01
 -2.99856e+01
 -2.99845e+01
 -2.99833e+01
 -2.99821e+01
 -2.99810e+01
 -2.99798e+01
 -2.99787e+01
 -2.99775e+01
 -2.99764e+01
 -2.99752e+01
 -2.99741e+01
 -2.99729e+01
 -2.99718e+01
 -2.99707e+01
 -2.99695e+01
 -2.99684e+01
 -2.99673e+01
 -2.99661e+01
 -2.99650e+01
 -2.99639e+01
 -2.99627e+01
 -2.99616e+01
 -2.99605e+01
 -2.99594e+01
 -2.99583e+01
 -2.99571e+01
 -2.99560e+01
 -2.99549e+01
 -2.99538e+01
 -2.99527e+01
 -2.99516e+01
 -2.99505e+01
 -2.99494e+01
 -2.99483e+01
 -2.99472e+01
 -2.99461e+01
 -2.99450e+01
 -2.99439e+01
 -2.99428e+01
 -2.99417e+01
 -2.99406e+01
 -2.99395e+01
 -2.99384e+01
 -2.99373e+01
 -2.99363e+01
 -2.99352e+01
 -2.99341e+01
 -2.99330e+01
 -2.99319e+01
 -2.99309e+01
 -2.99298e+01
 -2.99287e+01
 -2.99277e+01
 -2.99266e+01
 -2.99255e+01
 -2.99245e+01
 -2.99234e+01
 -2.99224e+01
 -2.99213e+01
 -2.99202e+01
 -2.99192e+01
 -2.99181e+01
 -2.99171e+01
 -2.99160e+01
 -2.99150e+01
 -2.99140e+01
 -2.99129e+01
 -2.99119e+01
 -2.99108e+01
 -2.99098e+01
 -2.99088e+01
 -2.99077e+01
 -2.99067e+01
 -2.99057e+01
 -2.99046e+01
 -2.99036e+01
 -2.99026e+01
 -2.99016e+01
 -2.99005e+01
 -2.98995e+01
 -2.98985e+01
 -2.98975e+01
 -2.98965e+01
 -2.98955e+01
 -2.98945e+01
 -2.98935e+01
 -2.98924e+01
 -2.98914e+01
 -2.98904e+01
 -2.98894e+01
 -2.98884e+01
 -2.98874e+01
 -2.98865e+01
 -2.98855e+01
 -2.98845e+01
 -2.98835e+01
 -2.98825e+01
 -2.98815e+01
 -2.98805e+01
 -2.98795e+01
 -2.98786e+01
 -2.98776e+01
 -2.98766e+01
 -2.98756e+01
 -2.98747e+01
 -2.98737e+01
 -2.98727e+01
 -2.98717e+01
 -2.98708e+01
 -2.98698e+01
 -2.98688e+01
 -2.98679e+01
 -2.98669e+01
 -2.98660e+01
 -2.98650e+01
 -2.98641e+01
 -2.98631e+01
 -2.98622e+01
 -2.98612e+01
 -2.98603e+01
 -2.98593e+01
 -2.98584e+01
 -2.98574e+01
 -2.98565e+01
 -2.98556e+01
 -2.98546e+01
 -2.98537e+01
 -2.98528e+01
 -2.98518e+01
 -2.98509e+01
 -2.98500e+01
 -2.98490e+01
 -2.98481e+01
 -2.98472e+01
 -2.98463e+01
 -2.98454e+01
 -2.98445e+01
 -2.98435e+01
 -2.98426e+01
 -2.98417e+01
 -2.98408e+01
 -2.98399e+01
 -2.98390e+01
 -2.98381e+01
 -2.98372e+01
 -2.98363e+01
 -2.98354e+01
 -2.98345e+01
 -2.98336e+01
 -2.98327e+01
 -2.98318e+01
 -2.98309e+01
 -2.98300e+01
 -2.98292e+01
 -2.98283e+01
 -2.98274e+01
 -2.98265e+01
 -2.98256e+01
 -2.98248e+01
 -2.98239e+01
 -2.98230e+01
 -2.98221e+01
 -2.98213e+01
 -2.98204e+01
 -2.98195e+01
 -2.98187e+01
 -2.98178e+01
 -2.98169e+01
 -2.98161e+01
 -2.98152e+01
 -2.98144e+01
 -2.98135e+01
 -2.98127e+01
 -2.98118e+01
 -2.98110e+01
 -2.98101e+01
 -2.98093e+01
 -2.98084e+01
 -2.98076e+01
 -2.98068e+01
 -2.98059e+01
 -2.98051e+01
 -2.98042e+01
 -2.98034e+01
 -2.98026e+01
 -2.98018e+01
 -2.98009e+01
 -2.98001e+01
 -2.97993e+01
 -2.97985e+01
 -2.97976e+01
 -2.97968e+01
 -2.97960e+01
 -2.97952e+01
 -2.97944e+01
 -2.97936e+01
 -2.97928e+01
 -2.97920e+01
 -2.97911e+01
 -2.97903e+01
 -2.97895e+01
 -2.97887e+01
 -2.97879e+01
 -2.97871e+01
 -2.97863e+01
 -2.97856e+01
 -2.97848e+01
 -2.97840e+01
 -2.97832e+01
 -2.97824e+01
 -2.97816e+01
 -2.97808e+01
 -2.97801e+01
 -2.97793e+01
 -2.97785e+01
 -2.97777e+01
 -2.97769e+01
 -2.97762e+01
 -2.97754e+01
 -2.97746e+01
 -2.97739e+01
 -2.97731e+01
 -2.97723e+01
 -2.97716e+01
 -2.97708e+01
 -2.97701e+01
 -2.97693e+01
 -2.97685e+01
 -2.97678e+01
 -2.97670e+01
 -2.97663e+01
 -2.97655e+01
 -2.97648e+01
 -2.97641e+01
 -2.97633e+01
 -2.97626e+01
 -2.97618e+01
 -2.97611e+01
 -2.97604e+01
 -2.97596e+01
 -2.97589e+01
 -2.97582e+01
 -2.97574e+01
 -2.97567e+01
 -2.97560e+01
 -2.97553e+01
 -2.97545e+01
 -2.97538e+01
 -2.97531e+01
 -2.97524e+01
 -2.97517e+01
 -2.97510e+01
 -2.97502e+01
 -2.97495e+01
 -2.97488e+01
 -2.97481e+01
 -2.97474e+01
 -2.97467e+01
 -2.97460e+01
 -2.97453e+01
 -2.97446e+01
 -2.97439e+01
 -2.97432e+01
 -2.97425e+01
 -2.97418e+01
 -2.97412e+01
 -2.97405e+01
 -2.97398e+01
 -2.97391e+01
 -2.97384e+01
 -2.97377e+01
 -2.97371e+01
 -2.97364e+01
 -2.97357e+01
 -2.97350e+01
 -2.97344e+01
 -2.97337e+01
 -2.97330e+01
 -2.97324e+01
 -2.97317e+01
 -2.97310e+01
 -2.97304e+01
 -2.97297e+01
 -2.97291e+01
 -2.97284e+01
 -2.97277e+01
 -2.97271e+01
 -2.97264e+01
 -2.97258e+01
 -2.97251e+01
 -2.97245e+01
 -2.97239e+01
 -2.97232e+01
 -2.97226e+01
 -2.97219e+01
 -2.97213e+01
 -2.97207e+01
 -2.97200e+01
 -2.97194e+01
 -2.97188e+01
 -2.97181e+01
 -2.97175e+01
 -2.97169e+01
 -2.97163e+01
 -2.97156e+01
 -2.97150e+01
 -2.97144e+01
 -2.97138e+01
 -2.97132e+01
 -2.97126e+01
 -2.97119e+01
 -2.97113e+01
 -2.97107e+01
 -2.97101e+01
 -2.97095e+01
 -2.97089e+01
 -2.97083e+01
 -2.97077e+01
 -2.97071e+01
 -2.97065e+01
 -2.97059e+01
 -2.97053e+01
 -2.97047e+01
 -2.97042e+01
 -2.97036e+01
 -2.97030e+01
 -2.97024e+01
 -2.97018e+01
 -2.97012e+01
 -2.97007e+01
 -2.97001e+01
 -2.96995e+01
 -2.96989e+01
 -2.96984e+01
 -2.96978e+01
 -2.96972e+01
 -2.96967e+01
 -2.96961e+01
 -2.96955e+01
 -2.96950e+01
 -2.96944e+01
 -2.96938e+01
 -2.96933e+01
 -2.96927e+01
 -2.96922e+01
 -2.96916e+01
 -2.96911e+01
 -2.96905e+01
 -2.96900e+01
 -2.96894e+01
 -2.96889e+01
 -2.96883e+01
 -2.96878e+01
 -2.96873e+01
 -2.96867e+01
 -2.96862e+01
 -2.96857e+01
 -2.96851e+01
 -2.96846e+01
 -2.96841e+01
 -2.96835e+01
 -2.96830e+01
 -2.96825e+01
 -2.96820e+01
 -2.96815e+01
 -2.96809e+01
 -2.96804e+01
 -2.96799e+01
 -2.96794e+01
 -2.96789e+01
 -2.96784e+01
 -2.96779e+01
 -2.96774e+01
 -2.96769e+01
 -2.96763e+01
 -2.96758e+01
 -2.96753e+01
 -2.96748e+01
 -2.96744e+01
 -2.96739e+01
 -2.96734e+01
 -2.96729e+01
 -2.96724e+01
 -2.96719e+01
 -2.96714e+01
 -2.96709e+01
 -2.96704e+01
 -2.96700e+01
 -2.96695e+01
 -2.96690e+01
 -2.96685e+01
 -2.96680e+01
 -2.96676e+01
 -2.96671e+01
 -2.96666e+01
 -2.96662e+01
 -2.96657e+01
 -2.96652e+01
 -2.96648e+01
 -2.96643e+01
 -2.96639e+01
 -2.96634e+01
 -2.96629e+01
 -2.96625e+01
 -2.96620e+01
 -2.96616e+01
 -2.96611e+01
 -2.96607e+01
 -2.96602e+01
 -2.96598e+01
 -2.96593e+01
 -2.96589e+01
 -2.96585e+01
 -2.96580e+01
 -2.96576e+01
 -2.96572e+01
 -2.96567e+01
 -2.96563e+01
 -2.96559e+01
 -2.96554e+01
 -2.96550e+01
 -2.96546e+01
 -2.96542e+01
 -2.96537e+01
 -2.96533e+01
 -2.96529e+01
 -2.96525e+01
 -2.96521e+01
 -2.96516e+01
 -2.96512e+01
 -2.96508e+01
 -2.96504e+01
 -2.96500e+01
 -2.96496e+01
 -2.96492e+01
 -2.96488e+01
 -2.96484e+01
 -2.96480e+01
 -2.96476e+01
 -2.96472e+01
 -2.96468e+01
 -2.96464e+01
 -2.96460e+01
 -2.96456e+01
 -2.96452e+01
 -2.96449e+01
 -2.96445e+01
 -2.96441e+01
 -2.96437e+01
 -2.96433e+01
 -2.96430e+01
 -2.96426e+01
 -2.96422e+01
 -2.96418e+01
 -2.96415e+01
 -2.96411e+01
 -2.96407e+01
 -2.96404e+01
 -2.96400e+01
 -2.96396e+01
 -2.96393e+01
 -2.96389e+01
 -2.96385e+01
 -2.96382e+01
 -2.96378e+01
 -2.96375e+01
 -2.96371e+01
 -2.96368e+01
 -2.96364e+01
 -2.96361e+01
 -2.96357e+01
 -2.96354e+01
 -2.96351e+01
 -2.96347e+01
 -2.96344e+01
 -2.96340e+01
 -2.96337e+01
 -2.96334e+01
 -2.96330e+01
 -2.96327e+01
 -2.96324e+01
 -2.96320e+01
 -2.96317e+01
 -2.96314e+01
 -2.96311e+01
 -2.96308e+01
 -2.96304e+01
 -2.96301e+01
 -2.96298e+01
 -2.96295e+01
 -2.96292e+01
 -2.96289e+01
 -2.96285e+01
 -2.96282e+01
 -2.96279e+01
 -2.96276e+01
 -2.96273e+01
 -2.96270e+01
 -2.96267e+01
 -2.96264e+01
 -2.96261e+01
 -2.96258e+01
 -2.96255e+01
 -2.96252e+01
 -2.96249e+01
 -2.96247e+01
 -2.96244e+01
 -2.96241e+01
 -2.96238e+01
 -2.96235e+01
 -2.96232e+01
 -2.96230e+01
 -2.96227e+01
 -2.96224e+01
 -2.96221e+01
 -2.96219e+01
 -2.96216e+01
 -2.96213e+01
 -2.96210e+01
 -2.96208e+01
 -2.96205e+01
 -2.96202e+01
 -2.96200e+01
 -2.96197e+01
 -2.96195e+01
 -2.96192e+01
 -2.96190e+01
 -2.96187e+01
 -2.96184e+01
 -2.96182e+01
 -2.96179e+01
 -2.96177e+01
 -2.96174e+01
 -2.96172e+01
 -2.96170e+01
 -2.96167e+01
 -2.96165e+01
 -2.96162e+01
 -2.96160e+01
 -2.96158e+01
 -2.96155e+01
 -2.96153e+01
 -2.96151e+01
 -2.96148e+01
 -2.96146e+01
 -2.96144e+01
 -2.96142e+01
 -2.96139e+01
 -2.96137e+01
 -2.96135e+01
 -2.96133e+01
 -2.96131e+01
 -2.96128e+01
 -2.96126e+01
 -2.96124e+01
 -2.96122e+01
 -2.96120e+01
 -2.96118e+01
 -2.96116e+01
 -2.96114e+01
 -2.96112e+01
 -2.96110e+01
 -2.96108e+01
 -2.96106e+01
 -2.96104e+01
 -2.96102e+01
 -2.96100e+01
 -2.96098e+01
 -2.96096e+01
 -2.96094e+01
 -2.96092e+01
 -2.96091e+01
 -2.96089e+01
 -2.96087e+01
 -2.96085e+01
 -2.96083e+01
 -2.96082e+01
 -2.96080e+01
 -2.96078e+01
 -2.96076e+01
 -2.96075e+01
 -2.96073e+01
 -2.96071e+01
 -2.96069e+01
 -2.96068e+01
 -2.96066e+01
 -2.96065e+01
 -2.96063e+01
 -2.96061e+01
 -2.96060e+01
 -2.96058e+01
 -2.96057e+01
 -2.96055e+01
 -2.96054e+01
 -2.96052e+01
 -2.96051e+01
 -2.96049e+01
 -2.96048e+01
 -2.96046e+01
 -2.96045e+01
 -2.96043e+01
 -2.96042e+01
 -2.96041e+01
 -2.96039e+01
 -2.96038e+01
 -2.96037e+01
 -2.96035e+01
 -2.96034e+01
 -2.96033e+01
 -2.96031e+01
 -2.96030e+01
 -2.96029e+01
 -2.96028e+01
 -2.96027e+01
 -2.96025e+01
 -2.96024e+01
 -2.96023e+01
 -2.96022e+01
 -2.96021e+01
 -2.96020e+01
 -2.96018e+01
 -2.96017e+01
 -2.96016e+01
 -2.96015e+01
 -2.96014e+01
 -2.96013e+01
 -2.96012e+01
 -2.96011e+01
 -2.96010e+01
 -2.96009e+01
 -2.96008e+01
 -2.96007e+01
 -2.96006e+01
 -2.96005e+01
 -2.96005e+01
 -2.96004e+01
 -2.96003e+01
 -2.96002e+01
 -2.96001e+01
 -2.96000e+01
 -2.96000e+01
 -2.95999e+01
 -2.95998e+01
 -2.95997e+01
 -2.95996e+01
 -2.95996e+01
 -2.95995e+01
 -2.95994e+01
 -2.95994e+01
 -2.95993e+01
 -2.95992e+01
 -2.95992e+01
 -2.95991e+01
 -2.95990e+01
 -2.95990e+01
 -2.95989e+01
 -2.95989e+01
 -2.95988e+01
 -2.95988e+01
 -2.95987e+01
 -2.95987e+01
 -2.95986e+01
 -2.95986e+01
 -2.95985e+01
 -2.95985e+01
 -2.95984e+01
 -2.95984e+01
 -2.95984e+01
 -2.95983e+01
 -2.95983e+01
 -2.95982e+01
 -2.95982e+01
 -2.95982e+01
 -2.95981e+01
 -2.95981e+01
 -2.95981e+01
 -2.95981e+01
 -2.95980e+01
 -2.95980e+01
 -2.95980e+01
 -2.95980e+01
 -2.95979e+01
 -2.95979e+01
 -2.95979e+01
 -2.95979e+01
 -2.95979e+01
 -2.95979e+01
 -2.95979e+01
 -2.95979e+01
 -2.95978e+01
 -2.95978e+01
 -2.95978e+01
 -2.95978e+01
 -2.95978e+01
 -2.95978e+01
 -2.95978e+01
 -2.95978e+01
 -2.95978e+01
 -2.95978e+01
 -2.95979e+01
 -2.95979e+01
 -2.95979e+01
 -2.95979e+01
 -2.95979e+01
 -2.95979e+01
 -2.95979e+01
 -2.95979e+01
 -2.95980e+01
 -2.95980e+01
 -2.95980e+01
 -2.95980e+01
 -2.95980e+01
 -2.95981e+01
 -2.95981e+01
 -2.95981e+01
 -2.95982e+01
 -2.95982e+01
 -2.95982e+01
 -2.95983e+01
 -2.95983e+01
 -2.95983e+01
 -2.95984e+01
 -2.95984e+01
 -2.95985e+01
 -2.95985e+01
 -2.95985e+01
 -2.95986e+01
 -2.95986e+01
 -2.95987e+01
 -2.95987e+01
 -2.95988e+01
 -2.95988e+01
 -2.95989e+01
 -2.95990e+01
 -2.95990e+01
 -2.95991e+01
 -2.95991e+01
 -2.95992e+01
 -2.95993e+01
 -2.95993e+01
 -2.95994e+01
 -2.95995e+01
 -2.95995e+01
 -2.95996e+01
 -2.95997e+01
 -2.95997e+01
 -2.95998e+01
 -2.95999e+01
 -2.96000e+01
 -2.96001e+01
 -2.96001e+01
 -2.96002e+01
 -2.96003e+01
 -2.96004e+01
 -2.96005e+01
 -2.96006e+01
 -2.96007e+01
 -2.96007e+01
 -2.96008e+01
 -2.96009e+01
 -2.96010e+01
 -2.96011e+01
 -2.96012e+01
 -2.96013e+01
 -2.96014e+01
 -2.96015e+01
 -2.96016e+01
 -2.96017e+01
 -2.96018e+01
 -2.96019e+01
 -2.96020e+01
 -2.96022e+01
 -2.96023e+01
 -2.96024e+01
 -2.96025e+01
 -2.96026e+01
 -2.96027e+01
 -2.96029e+01
 -2.96030e+01
 -2.96031e+01
 -2.96032e+01
 -2.96033e+01
 -2.96035e+01
 -2.96036e+01
 -2.96037e+01
 -2.96039e+01
 -2.96040e+01
 -2.96041e+01
 -2.96043e+01
 -2.96044e+01
 -2.96045e+01
 -2.96047e+01
 -2.96048e+01
 -2.96049e+01
 -2.96051e+01
 -2.96052e+01
 -2.96054e+01
 -2.96055e+01
 -2.96057e+01
 -2.96058e+01
 -2.96060e+01
 -2.96061e+01
 -2.96063e+01
 -2.96064e+01
 -2.96066e+01
 -2.96068e+01
 -2.96069e+01
 -2.96071e+01
 -2.96072e+01
 -2.96074e+01
 -2.96076e+01
 -2.96077e+01
 -2.96079e+01
 -2.96081e+01
 -2.96082e+01
 -2.96084e+01
 -2.96086e+01
 -2.96088e+01
 -2.96089e+01
 -2.96091e+01
 -2.96093e+01
 -2.96095e+01
 -2.96097e+01
 -2.96098e+01
 -2.96100e+01
 -2.96102e+01
 -2.96104e+01
 -2.96106e+01
 -2.96108e+01
 -2.96110e+01
 -2.96112e+01
 -2.96113e+01
 -2.96115e+01
 -2.96117e+01
 -2.96119e+01
 -2.96121e+01
 -2.96123e+01
 -2.96125e+01
 -2.96127e+01
 -2.96129e+01
 -2.96132e+01
 -2.96134e+01
 -2.96136e+01
 -2.96138e+01
 -2.96140e+01
 -2.96142e+01
 -2.96144e+01
 -2.96146e+01
 -2.96148e+01
 -2.96151e+01
 -2.96153e+01
 -2.96155e+01
 -2.96157e+01
 -2.96160e+01
 -2.96162e+01
 -2.96164e+01
 -2.96166e+01
 -2.96169e+01
 -2.96171e+01
 -2.96173e+01
 -2.96176e+01
 -2.96178e+01
 -2.96180e+01
 -2.96183e+01
 -2.96185e+01
 -2.96187e+01
 -2.96190e+01
 -2.96192e+01
 -2.96195e+01
 -2.96197e+01
 -2.96200e+01
 -2.96202e+01
 -2.96205e+01
 -2.96207e+01
 -2.96210e+01
 -2.96212e+01
 -2.96215e+01
 -2.96217e+01
 -2.96220e+01
 -2.96222e+01
 -2.96225e+01
 -2.96228e+01
 -2.96230e+01
 -2.96233e+01
 -2.96236e+01
 -2.96238e+01
 -2.96241e+01
 -2.96244e+01
 -2.96246e+01
 -2.96249e+01
 -2.96252e+01
 -2.96254e+01
 -2.96257e+01
 -2.96260e+01
 -2.96263e+01
 -2.96266e+01
 -2.96268e+01
 -2.96271e+01
 -2.96274e+01
 -2.96277e+01
 -2.96280e+01
 -2.96283e+01
 -2.96286e+01
 -2.96288e+01
 -2.96291e+01
 -2.96294e+01
 -2.96297e+01
 -2.96300e+01
 -2.96303e+01
 -2.96306e+01
 -2.96309e+01
 -2.96312e+01
 -2.96315e+01
 -2.96318e+01
 -2.96321e+01
 -2.96324e+01
 -2.96327e+01
 -2.96330e+01
 -2.96334e+01
 -2.96337e+01
 -2.96340e+01
 -2.96343e+01
 -2.96346e+01
 -2.96349e+01
 -2.96352e+01
 -2.96356e+01
 -2.96359e+01
 -2.96362e+01
 -2.96365e+01
 -2.96368e+01
 -2.96372e+01
 -2.96375e+01
 -2.96378e+01
 -2.96382e+01
 -2.96385e+01
 -2.96388e+01
 -2.96391e+01
 -2.96395e+01
 -2.96398e+01
 -2.96402e+01
 -2.96405e+01
 -2.96408e+01
 -2.96412e+01
 -2.96415e+01
 -2.96419e+01
 -2.96422e+01
 -2.96425e+01
 -2.96429e+01
 -2.96432e+01
 -2.96436e+01
 -2.96439e+01
 -2.96443e+01
 -2.96447e+01
 -2.96450e+01
 -2.96454e+01
 -2.96457e+01
 -2.96461e+01
 -2.96464e+01
 -2.96468e+01
 -2.96472e+01
 -2.96475e+01
 -2.96479e+01
 -2.96483e+01
 -2.96486e+01
 -2.96490e+01
 -2.96494e+01
 -2.96497e+01
 -2.96501e+01
 -2.96505e+01
 -2.96509e+01
 -2.96512e+01
 -2.96516e+01
 -2.96520e+01
 -2.96524e+01
 -2.96528e+01
 -2.96531e+01
 -2.96535e+01
 -2.96539e+01
 -2.96543e+01
 -2.96547e+01
 -2.96551e+01
 -2.96555e+01
 -2.96558e+01
 -2.96562e+01
 -2.96566e+01
 -2.96570e+01
 -2.96574e+01
 -2.96578e+01
 -2.96582e+01
 -2.96586e+01
 -2.96590e+01
 -2.96594e+01
 -2.96598e+01
 -2.96602e+01
 -2.96606e+01
 -2.96611e+01
 -2.96615e+01
 -2.96619e+01
 -2.96623e+01
 -2.96627e+01
 -2.96631e+01
 -2.96635e+01
 -2.96639e+01
 -2.96644e+01
 -2.96648e+01
 -2.96652e+01
 -2.96656e+01
 -2.96660e+01
 -2.96665e+01
 -2.96669e+01
 -2.96673e+01
 -2.96677e+01
 -2.96682e+01
 -2.96686e+01
 -2.96690e+01
 -2.96695e+01
 -2.96699e+01
 -2.96703e+01
 -2.96708e+01
 -2.96712e+01
 -2.96716e+01
 -2.96721e+01
 -2.96725e+01
 -2.96730e+01
 -2.96734e+01
 -2.96739e+01
 -2.96743e+01
 -2.96747e+01
 -2.96752e+01
 -2.96756e+01
 -2.96761e+01
 -2.96765e+01
 -2.96770e+01
 -2.96775e+01
 -2.96779e+01
 -2.96784e+01
 -2.96788e+01
 -2.96793e+01
 -2.96797e+01
 -2.96802e+01
 -2.96807e+01
 -2.96811e+01
 -2.96816e+01
 -2.96821e+01
 -2.96825e+01
 -2.96830e+01
 -2.96835e+01
 -2.96839e+01
 -2.96844e+01
 -2.96849e+01
 -2.96854e+01
 -2.96858e+01
 -2.96863e+01
 -2.96868e+01
 -2.96873e+01
 -2.96878e+01
 -2.96882e+01
 -2.96887e+01
 -2.96892e+01
 -2.96897e+01
 -2.96902e+01
 -2.96907e+01
 -2.96912e+01
 -2.96916e+01
 -2.96921e+01
 -2.96926e+01
 -2.96931e+01
 -2.96936e+01
 -2.96941e+01
 -2.96946e+01
 -2.96951e+01
 -2.96956e+01
 -2.96961e+01
 -2.96966e+01
 -2.96971e+01
 -2.96976e+01
 -2.96981e+01
 -2.96986e+01
 -2.96991e+01
 -2.96997e+01
 -2.97002e+01
 -2.97007e+01
 -2.97012e+01
 -2.97017e+01
 -2.97022e+01
 -2.97027e+01
 -2.97033e+01
 -2.97038e+01
 -2.97043e+01
 -2.97048e+01
 -2.97053e+01
 -2.97059e+01
 -2.97064e+01
 -2.97069e+01
 -2.97074e+01
 -2.97080e+01
 -2.97085e+01
 -2.97090e+01
 -2.97096e+01
 -2.97101e+01
 -2.97106e+01
 -2.97112e+01
 -2.97117e+01
 -2.97122e+01
 -2.97128e+01
 -2.97133e+01
 -2.97138e+01
 -2.97144e+01
 -2.97149e+01
 -2.97155e+01
 -2.97160e+01
 -2.97166e+01
 -2.97171e+01
 -2.97177e+01
 -2.97182e+01
 -2.97188e+01
 -2.97193e+01
 -2.97199e+01
 -2.97204e+01
 -2.97210e+01
 -2.97215e+01
 -2.97221e+01
 -2.97227e+01
 -2.97232e+01
 -2.97238e+01
 -2.97243e+01
 -2.97249e+01
 -2.97255e+01
 -2.97260e+01
 -2.97266e+01
 -2.97272e+01
 -2.97277e+01
 -2.97283e+01
 -2.97289e+01
 -2.97295e+01
 -2.97300e+01
 -2.97306e+01
 -2.97312e+01
 -2.97318e+01
 -2.97323e+01
 -2.97329e+01
 -2.97335e+01
 -2.97341e+01
 -2.97347e+01
 -2.97352e+01
 -2.97358e+01
 -2.97364e+01
 -2.97370e+01
 -2.97376e+01
 -2.97382e+01
 -2.97388e+01
 -2.97394e+01
 -2.97400e+01
 -2.97406e+01
 -2.97411e+01
 -2.97417e+01
 -2.97423e+01
 -2.97429e+01
 -2.97435e+01
 -2.97441e+01
 -2.97447e+01
 -2.97453e+01
 -2.97460e+01
 -2.97466e+01
 -2.97472e+01
 -2.97478e+01
 -2.97484e+01
 -2.97490e+01
 -2.97496e+01
 -2.97502e+01
 -2.97508e+01
 -2.97514e+01
 -2.97521e+01
 -2.97527e+01
 -2.97533e+01
 -2.97539e+01
 -2.97545e+01
 -2.97552e+01
 -2.97558e+01
 -2.97564e+01
 -2.97570e+01
 -2.97576e+01
 -2.97583e+01
 -2.97589e+01
 -2.97595e+01
 -2.97602e+01
 -2.97608e+01
 -2.97614e+01
 -2.97621e+01
 -2.97627e+01
 -2.97633e+01
 -2.97640e+01
 -2.97646e+01
 -2.97652e+01
 -2.97659e+01
 -2.97665e+01
 -2.97672e+01
 -2.97678e+01
 -2.97684e+01
 -2.97691e+01
 -2.97697e+01
 -2.97704e+01
 -2.97710e+01
 -2.97717e+01
 -2.97723e+01
 -2.97730e+01
 -2.97736e+01
 -2.97743e+01
 -2.97749e+01
 -2.97756e+01
 -2.97763e+01
 -2.97769e+01
 -2.97776e+01
 -2.97782e+01
 -2.97789e+01
 -2.97796e+01
 -2.97802e+01
 -2.97809e+01
 -2.97816e+01
 -2.97822e+01
 -2.97829e+01
 -2.97836e+01
 -2.97842e+01
 -2.97849e+01
 -2.97856e+01
 -2.97862e+01
 -2.97869e+01
 -2.97876e+01
 -2.97883e+01
 -2.97889e+01
 -2.97896e+01
 -2.97903e+01
 -2.97910e+01
 -2.97917e+01
 -2.97923e+01
 -2.97930e+01
 -2.97937e+01
 -2.97944e+01
 -2.97951e+01
 -2.97958e+01
 -2.97965e+01
 -2.97971e+01
 -2.97978e+01
 -2.97985e+01
 -2.97992e+01
 -2.97999e+01
 -2.98006e+01
 -2.98013e+01
 -2.98020e+01
 -2.98027e+01
 -2.98034e+01
 -2.98041e+01
 -2.98048e+01
 -2.98055e+01
 -2.98062e+01
 -2.98069e+01
 -2.98076e+01
 -2.98083e+01
 -2.98090e+01
 -2.98097e+01
 -2.98105e+01
 -2.98112e+01
 -2.98119e+01
 -2.98126e+01
 -2.98133e+01
 -2.98140e+01
 -2.98147e+01
 -2.98155e+01
 -2.98162e+01
 -2.98169e+01
 -2.98176e+01
 -2.98183e+01
 -2.98191e+01
 -2.98198e+01
 -2.98205e+01
 -2.98212e+01
 -2.98220e+01
 -2.98227e+01
 -2.98234e+01
 -2.98241e+01
 -2.98249e+01
 -2.98256e+01
 -2.98263e+01
 -2.98271e+01
 -2.98278e+01
 -2.98285e+01
 -2.98293e+01
 -2.98300e+01
 -2.98307e+01
 -2.98315e+01
 -2.98322e+01
 -2.98330e+01
 -2.98337e+01
 -2.98345e+01
 -2.98352e+01
 -2.98359e+01
 -2.98367e+01
 -2.98374e+01
 -2.98382e+01
 -2.98389e+01
 -2.98397e+01
 -2.98404e+01
 -2.98412e+01
 -2.98419e+01
 -2.98427e+01
 -2.98435e+01
 -2.98442e+01
 -2.98450e+01
 -2.98457e+01
 -2.98465e+01
 -2.98472e+01
 -2.98480e+01
 -2.98488e+01
 -2.98495e+01
 -2.98503e+01
 -2.98511e+01
 -2.98518e+01
 -2.98526e+01
 -2.98534e+01
 -2.98541e+01
 -2.98549e+01
 -2.98557e+01
 -2.98565e+01
 -2.98572e+01
 -2.98580e+01
 -2.98588e+01
 -2.98596e+01
 -2.98603e+01
 -2.98611e+01
 -2.98619e+01
 -2.98627e+01
 -2.98635e+01
 -2.98642e+01
 -2.98650e+01
 -2.98658e+01
 -2.98666e+01
 -2.98674e+01
 -2.98682e+01
 -2.98689e+01
 -2.98697e+01
 -2.98705e+01
 -2.98713e+01
 -2.98721e+01
 -2.98729e+01
 -2.98737e+01
 -2.98745e+01
 -2.98753e+01
 -2.98761e+01
 -2.98769e+01
 -2.98777e+01
 -2.98785e+01
 -2.98793e+01
 -2.98801e+01
 -2.98809e+01
 -2.98817e+01
 -2.98825e+01
 -2.98833e+01
 -2.98841e+01
 -2.98849e+01
 -2.98857e+01
 -2.98865e+01
 -2.98873e+01
 -2.98882e+01
 -2.98890e+01
 -2.98898e+01
 -2.98906e+01
 -2.98914e+01
 -2.98922e+01
 -2.98930e+01
 -2.98939e+01
 -2.98947e+01
 -2.98955e+01
 -2.98963e+01
 -2.98971e+01
 -2.98980e+01
 -2.98988e+01
 -2.98996e+01
 -2.99004e+01
 -2.99013e+01
 -2.99021e+01
 -2.99029e+01
 -2.99038e+01
 -2.99046e+01
 -2.99054e+01
 -2.99063e+01
 -2.99071e+01
 -2.99079e+01
 -2.99088e+01
 -2.99096e+01
 -2.99104e+01
 -2.99113e+01
 -2.99121e+01
 -2.99129e+01
 -2.99138e+01
 -2.99146e+01
 -2.99155e+01
 -2.99163e+01
 -2.99172e+01
 -2.99180e+01
 -2.99189e+01
 -2.99197e+01
 -2.99205e+01
 -2.99214e+01
 -2.99222e+01
 -2.99231e+01
 -2.99240e+01
 -2.99248e+01
 -2.99257e+01
 -2.99265e+01
 -2.99274e+01
 -2.99282e+01
 -2.99291e+01
 -2.99299e+01
 -2.99308e+01
 -2.99317e+01
 -2.99325e+01
 -2.99334e+01
 -2.99342e+01
 -2.99351e+01
 -2.99360e+01
 -2.99368e+01
 -2.99377e+01
 -2.99386e+01
 -2.99394e+01
 -2.99403e+01
 -2.99412e+01
 -2.99421e+01
 -2.99429e+01
 -2.99438e+01
 -2.99447e+01
 -2.99456e+01
 -2.99464e+01
 -2.99473e+01
 -2.99482e+01
 -2.99491e+01
 -2.99499e+01
 -2.99508e+01
 -2.99517e+01
 -2.99526e+01
 -2.99535e+01
 -2.99544e+01
 -2.99552e+01
 -2.99561e+01
 -2.99570e+01
 -2.99579e+01
 -2.99588e+01
 -2.99597e+01
 -2.99606e+01
 -2.99615e+01
 -2.99623e+01
 -2.99632e+01
 -2.99641e+01
 -2.99650e+01
 -2.99659e+01
 -2.99668e+01
 -2.99677e+01
 -2.99686e+01
 -2.99695e+01
 -2.99704e+01
 -2.99713e+01
 -2.99722e+01
 -2.99731e+01
 -2.99740e+01
 -2.99749e+01
 -2.99758e+01
 -2.99767e+01
 -2.99776e+01
 -2.99786e+01
 -2.99795e+01
 -2.99804e+01
 -2.99813e+01
 -2.99822e+01
 -2.99831e+01
 -2.99840e+01
 -2.99849e+01
 -2.99859e+01
 -2.99868e+01
 -2.99877e+01
 -2.99886e+01
 -2.99895e+01
 -2.99904e+01
 -2.99914e+01
 -2.99923e+01
 -2.99932e+01
 -2.99941e+01
 -2.99951e+01
 -2.99960e+01
 -2.99969e+01
 -2.99978e+01
 -2.99988e+01
 -2.99997e+01
 -3.00006e+01
 -3.00015e+01
 -3.00025e+01
 -3.00034e+01
 -3.00043e+01
 -3.00053e+01
 -3.00062e+01
 -3.00071e+01
 -3.00081e+01
 -3.00090e+01
 -3.00099e+01
 -3.00109e+01
 -3.00118e+01
 -3.00128e+01
 -3.00137e+01
 -3.00146e+01
 -3.00156e+01
 -3.00165e+01
 -3.00175e+01
 -3.00184e+01
 -3.00194e+01
 -3.00203e+01
 -3.00213e+01
 -3.00222e+01
 -3.00232e+01
 -3.00241e+01
 -3.00251e+01
 -3.00260e+01
 -3.00270e+01
 -3.00279e+01
 -3.00289e+01
 -3.00298e+01
 -3.00308e+01
 -3.00317e+01
 -3.00327e+01
 -3.00337e+01
 -3.00346e+01
 -3.00356e+01
 -3.00365e+01
 -3.00375e+01
 -3.00385e+01
 -3.00394e+01
 -3.00404e+01
 -3.00414e+01
 -3.00423e+01
 -3.00433e+01
 -3.00443e+01
 -3.00452e+01
 -3.00462e+01
 -3.00472e+01
 -3.00481e+01
 -3.00491e+01
 -3.00501e+01
 -3.00511e+01
 -3.00520e+01
 -3.00530e+01
 -3.00540e+01
 -3.00550e+01
 -3.00559e+01
 -3.00569e+01
 -3.00579e+01
 -3.00589e+01
 -3.00599e+01
 -3.00608e+01
 -3.00618e+01
 -3.00628e+01
 -3.00638e+01
 -3.00648e+01
 -3.00658e+01
 -3.00667e+01
 -3.00677e+01
 -3.00687e+01
 -3.00697e+01
 -3.00707e+01
 -3.00717e+01
 -3.00727e+01
 -3.00737e+01
 -3.00747e+01
 -3.00757e+01
 -3.00767e+01
 -3.00776e+01
 -3.00786e+01
 -3.00796e+01
 -3.00806e+01
 -3.00816e+01
 -3.00826e+01
 -3.00836e+01
 -3.00846e+01
 -3.00856e+01
 -3.00866e+01
 -3.00876e+01
 -3.00887e+01
 -3.00897e+01
 -3.00907e+01
 -3.00917e+01
 -3.00927e+01
 -3.00937e+01
 -3.00947e+01
 -3.00957e+01
 -3.00967e+01
 -3.00977e+01
 -3.00987e+01
 -3.00998e+01
 -3.01008e+01
 -3.01018e+01
 -3.01028e+01
 -3.01038e+01
 -3.01048e+01
 -3.01058e+01
 -3.01069e+01
 -3.01079e+01
 -3.01089e+01
 -3.01099e+01
 -3.01109e+01
 -3.01120e+01
 -3.01130e+01
 -3.01140e+01
 -3.01150e+01
 -3.01161e+01
 -3.01171e+01
 -3.01181e+01
 -3.01191e+01
 -3.01202e+01
 -3.01212e+01
 -3.01222e+01
 -3.01233e+01
 -3.01243e+01
 -3.01253e+01
 -3.01264e+01
 -3.01274e+01
 -3.01284e+01
 -3.01295e+01
 -3.01305e+01
 -3.01315e+01
 -3.01326e+01
 -3.01336e+01
 -3.01347e+01
 -3.01357e+01
 -3.01367e+01
 -3.01378e+01
 -3.01388e+01
 -3.01399e+01
 -3.01409e+01
 -3.01419e+01
 -3.01430e+01
 -3.01440e+01
 -3.01451e+01
 -3.01461e+01
 -3.01472e+01
 -3.01482e+01
 -3.01493e+01
 -3.01503e+01
 -3.01514e+01
 -3.01524e+01
 -3.01535e+01
 -3.01545e+01
 -3.01556e+01
 -3.01566e+01
 -3.01577e+01
 -3.01588e+01
 -3.01598e+01
 -3.01609e+01
 -3.01619e+01
 -3.01630e+01
 -3.01641e+01
 -3.01651e+01
 -3.01662e+01
 -3.01672e+01
 -3.01683e+01
 -3.01694e+01
 -3.01704e+01
 -3.01715e+01
 -3.01726e+01
 -3.01736e+01
 -3.01747e+01
 -3.01758e+01
 -3.01768e+01
 -3.01779e+01
 -3.01790e+01
 -3.01800e+01
 -3.01811e+01
 -3.01822e+01
 -3.01833e+01
 -3.01843e+01
 -3.01854e+01
 -3.01865e+01
 -3.01876e+01
 -3.01886e+01
 -3.01897e+01
 -3.01908e+01
 -3.01919e+01
 -3.01930e+01
 -3.01940e+01
 -3.01951e+01
 -3.01962e+01
 -3.01973e+01
 -3.01984e+01
 -3.01995e+01
 -3.02005e+01
 -3.02016e+01
 -3.02027e+01
 -3.02038e+01
 -3.02049e+01
 -3.02060e+01
 -3.02071e+01
 -3.02082e+01
 -3.02092e+01
 -3.02103e+01
 -3.02114e+01
 -3.02125e+01
 -3.02136e+01
 -3.02147e+01
 -3.02158e+01
 -3.02169e+01
 -3.02180e+01
 -3.02191e+01
 -3.02202e+01
 -3.02213e+01
 -3.02224e+01
 -3.02235e+01
 -3.02246e+01
 -3.02257e+01
 -3.02268e+01
 -3.02279e+01
 -3.02290e+01
 -3.02301e+01
 -3.02312e+01
 -3.02323e+01
 -3.02334e+01
 -3.02345e+01
 -3.02356e+01
 -3.02367e+01
 -3.02378e+01
 -3.02390e+01
 -3.02401e+01
 -3.02412e+01
 -3.02423e+01
 -3.02434e+01
 -3.02445e+01
 -3.02456e+01
 -3.02467e+01
 -3.02479e+01
 -3.02490e+01
 -3.02501e+01
 -3.02512e+01
 -3.02523e+01
 -3.02534e+01
 -3.02546e+01
 -3.02557e+01
 -3.02568e+01
 -3.02579e+01
 -3.02590e+01
 -3.02602e+01
 -3.02613e+01
 -3.02624e+01
 -3.02635e+01
 -3.02647e+01
 -3.02658e+01
 -3.02669e+01
 -3.02680e+01
 -3.02692e+01
 -3.02703e+01
 -3.02714e+01
 -3.02726e+01
 -3.02737e+01
 -3.02748e+01
 -3.02760e+01
 -3.02771e+01
 -3.02782e+01
 -3.02794e+01
 -3.02805e+01
 -3.02816e+01
 -3.02828e+01
 -3.02839e+01
 -3.02850e+01
 -3.02862e+01
 -3.02873e+01
 -3.02885e+01
 -3.02896e+01
 -3.02907e+01
 -3.02919e+01
 -3.02930e+01
 -3.02942e+01
 -3.02953e+01
 -3.02964e+01
 -3.02976e+01
 -3.02987e+01
 -3.02999e+01
 -3.03010e+01
 -3.03022e+01
 -3.03033e+01
 -3.03045e+01
 -3.03056e+01
 -3.03068e+01
 -3.03079e+01
 -3.03091e+01
 -3.03102e+01
 -3.03114e+01
 -3.03125e+01
 -3.03137e+01
 -3.03148e+01
 -3.03160e+01
 -3.03172e+01
 -3.03183e+01
 -3.03195e+01
 -3.03206e+01
 -3.03218e+01
 -3.03229e+01
 -3.03241e+01
 -3.03253e+01
 -3.03264e+01
 -3.03276e+01
 -3.03287e+01
 -3.03299e+01
 -3.03311e+01
 -3.03322e+01
 -3.03334e+01
 -3.03346e+01
 -3.03357e+01
 -3.03369e+01
 -3.03381e+01
 -3.03392e+01
 -3.03404e+01
 -3.03416e+01
 -3.03427e+01
 -3.03439e+01
 -3.03451e+01
 -3.03462e+01
 -3.03474e+01
 -3.03486e+01
 -3.03498e+01
 -3.03509e+01
 -3.03521e+01
 -3.03533e+01
 -3.03545e+01
 -3.03556e+01
 -3.03568e+01
 -3.03580e+01
 -3.03592e+01
 -3.03604e+01
 -3.03615e+01
 -3.03627e+01
 -3.03639e+01
 -3.03651e+01
 -3.03663e+01
 -3.03674e+01
 -3.03686e+01
 -3.03698e+01
 -3.03710e+01
 -3.03722e+01
 -3.03734e+01
 -3.03746e+01
 -3.03757e+01
 -3.03769e+01
 -3.03781e+01
 -3.03793e+01
 -3.03805e+01
 -3.03817e+01
 -3.03829e+01
 -3.03841e+01
 -3.03853e+01
 -3.03864e+01
 -3.03876e+01
 -3.03888e+01
 -3.03900e+01
 -3.03912e+01
 -3.03924e+01
 -3.03936e+01
 -3.03948e+01
 -3.03960e+01
 -3.03972e+01
 -3.03984e+01
 -3.03996e+01
 -3.04008e+01
 -3.04020e+01
 -3.04032e+01
 -3.04044e+01
 -3.04056e+01
 -3.04068e+01
 -3.04080e+01
 -3.04092e+01
 -3.04104e+01
 -3.04116e+01
 -3.04128e+01
 -3.04140e+01
 -3.04152e+01
 -3.04165e+01
 -3.04177e+01
 -3.04189e+01
 -3.04201e+01
 -3.04213e+01
 -3.04225e+01
 -3.04237e+01
 -3.04249e+01
 -3.04261e+01
 -3.04273e+01
 -3.04286e+01
 -3.04298e+01
 -3.04310e+01
 -3.04322e+01
 -3.04334e+01
 -3.04346e+01
 -3.04358e+01
 -3.04371e+01
 -3.04383e+01
 -3.04395e+01
 -3.04407e+01
 -3.04419e+01
 -3.04432e+01
 -3.04444e+01
 -3.04456e+01
 -3.04468e+01
 -3.04480e+01
 -3.04493e+01
 -3.04505e+01
 -3.04517e+01
 -3.04529e+01
 -3.04542e+01
 -3.04554e+01
 -3.04566e+01
 -3.04578e+01
 -3.04591e+01
 -3.04603e+01
 -3.04615e+01
 -3.04628e+01
 -3.04640e+01
 -3.04652e+01
 -3.04664e+01
 -3.04677e+01
 -3.04689e+01
 -3.04701e+01
 -3.04714e+01
 -3.04726e+01
 -3.04738e+01
 -3.04751e+01
 -3.04763e+01
 -3.04776e+01
 -3.04788e+01
 -3.04800e+01
 -3.04813e+01
 -3.04825e+01
 -3.04837e+01
 -3.04850e+01
 -3.04862e+01
 -3.04875e+01
 -3.04887e+01
 -3.04899e+01
 -3.04912e+01
 -3.04924e+01
 -3.04937e+01
 -3.04949e+01
 -3.04962e+01
 -3.04974e+01
 -3.04986e+01
 -3.04999e+01
 -3.05011e+01
 -3.05024e+01
 -3.05036e+01
 -3.05049e+01
 -3.05061e+01
 -3.05074e+01
 -3.05086e+01
 -3.05099e+01
 -3.05111e+01
 -3.05124e+01
 -3.05136e+01
 -3.05149e+01
 -3.05161e+01
 -3.05174e+01
 -3.05186e+01
 -3.05199e+01
 -3.05211e+01
 -3.05224e+01
 -3.05237e+01
 -3.05249e+01
 -3.05262e+01
 -3.05274e+01
 -3.05287e+01
 -3.05299e+01
 -3.05312e+01
 -3.05325e+01
 -3.05337e+01
 -3.05350e+01
 -3.05362e+01
 -3.05375e+01
 -3.05388e+01
 -3.05400e+01
 -3.05413e+01
 -3.05426e+01
 -3.05438e+01
 -3.05451e+01
 -3.05464e+01
 -3.05476e+01
 -3.05489e+01
 -3.05501e+01
 -3.05514e+01
 -3.05527e+01
 -3.05540e+01
 -3.05552e+01
 -3.05565e+01
 -3.05578e+01
 -3.05590e+01
 -3.05603e+01
 -3.05616e+01
 -3.05628e+01
 -3.05641e+01
 -3.05654e+01
 -3.05667e+01
 -3.05679e+01
 -3.05692e+01
 -3.05705e+01
 -3.05718e+01
 -3.05730e+01
 -3.05743e+01
 -3.05756e+01
 -3.05769e+01
 -3.05781e+01
 -3.05794e+01
 -3.05807e+01
 -3.05820e+01
 -3.05833e+01
 -3.05845e+01
 -3.05858e+01
 -3.05871e+01
 -3.05884e+01
 -3.05897e+01
 -3.05910e+01
 -3.05922e+01
 -3.05935e+01
 -3.05948e+01
 -3.05961e+01
 -3.05974e+01
 -3.05987e+01
 -3.05999e+01
 -3.06012e+01
 -3.06025e+01
 -3.06038e+01
 -3.06051e+01
 -3.06064e+01
 -3.06077e+01
 -3.06090e+01
 -3.06103e+01
 -3.06115e+01
 -3.06128e+01
 -3.06141e+01
 -3.06154e+01
 -3.06167e+01
 -3.06180e+01
 -3.06193e+01
 -3.06206e+01
 -3.06219e+01
 -3.06232e+01
 -3.06245e+01
 -3.06258e+01
 -3.06271e+01
 -3.06284e+01
 -3.06297e+01
 -3.06310e+01
 -3.06323e+01
 -3.06336e+01
 -3.06349e+01
 -3.06362e+01
 -3.06375e+01
 -3.06388e+01
 -3.06401e+01
 -3.06414e+01
 -3.06427e+01
 -3.06440e+01
 -3.06453e+01
 -3.06466e+01
 -3.06479e+01
 -3.06492e+01
 -3.06505e+01
 -3.06518e+01
 -3.06531e+01
 -3.06544e+01
 -3.06557e+01
 -3.06570e+01
 -3.06583e+01
 -3.06596e+01
 -3.06609e+01
 -3.06623e+01
 -3.06636e+01
 -3.06649e+01
 -3.06662e+01
 -3.06675e+01
 -3.06688e+01
 -3.06701e+01
 -3.06714e+01
 -3.06727e+01
 -3.06741e+01
 -3.06754e+01
 -3.06767e+01
 -3.06780e+01
 -3.06793e+01
 -3.06806e+01
 -3.06820e+01
 -3.06833e+01
 -3.06846e+01
 -3.06859e+01
 -3.06872e+01
 -3.06885e+01
 -3.06899e+01
 -3.06912e+01
 -3.06925e+01
 -3.06938e+01
 -3.06951e+01
 -3.06965e+01
 -3.06978e+01
 -3.06991e+01
 -3.07004e+01
 -3.07017e+01
 -3.07031e+01
 -3.07044e+01
 -3.07057e+01
 -3.07070e+01
 -3.07084e+01
 -3.07097e+01
 -3.07110e+01
 -3.07123e+01
 -3.07137e+01
 -3.07150e+01
 -3.07163e+01
 -3.07177e+01
 -3.07190e+01
 -3.07203e+01
 -3.07216e+01
 -3.07230e+01
 -3.07243e+01
 -3.07256e+01
 -3.07270e+01
 -3.07283e+01
 -3.07296e+01
 -3.07310e+01
 -3.07323e+01
 -3.07336e+01
 -3.07350e+01
 -3.07363e+01
 -3.07376e+01
 -3.07390e+01
 -3.07403e+01
 -3.07416e+01
 -3.07430e+01
 -3.07443e+01
 -3.07456e+01
 -3.07470e+01
 -3.07483e+01
 -3.07497e+01
 -3.07510e+01
 -3.07523e+01
 -3.07537e+01
 -3.07550e+01
 -3.07564e+01
 -3.07577e+01
 -3.07590e+01
 -3.07604e+01
 -3.07617e+01
 -3.07631e+01
 -3.07644e+01
 -3.07657e+01
 -3.07671e+01
 -3.07684e+01
 -3.07698e+01
 -3.07711e+01
 -3.07725e+01
 -3.07738e+01
 -3.07752e+01
 -3.07765e+01
 -3.07779e+01
 -3.07792e+01
 -3.07805e+01
 -3.07819e+01
 -3.07832e+01
 -3.07846e+01
 -3.07859e+01
 -3.07873e+01
 -3.07886e+01
 -3.07900e+01
 -3.07913e+01
 -3.07927e+01
 -3.07940e+01
 -3.07954e+01
 -3.07968e+01
 -3.07981e+01
 -3.07995e+01
 -3.08008e+01
 -3.08022e+01
 -3.08035e+01
 -3.08049e+01
 -3.08062e+01
 -3.08076e+01
 -3.08089e+01
 -3.08103e+01
 -3.08117e+01
 -3.08130e+01
 -3.08144e+01
 -3.08157e+01
 -3.08171e+01
 -3.08184e+01
 -3.08198e+01
 -3.08212e+01
 -3.08225e+01
 -3.08239e+01
 -3.08252e+01
 -3.08266e+01
 -3.08280e+01
 -3.08293e+01
 -3.08307e+01
 -3.08321e+01
 -3.08334e+01
 -3.08348e+01
 -3.08361e+01
 -3.08375e+01
 -3.08389e+01
 -3.08402e+01
 -3.08416e+01
 -3.08430e+01
 -3.08443e+01
 -3.08457e+01
 -3.08471e+01
 -3.08484e+01
 -3.08498e+01
 -3.08512e+01
 -3.08525e+01
 -3.08539e+01
 -3.08553e+01
 -3.08567e+01
 -3.08580e+01
 -3.08594e+01
 -3.08608e+01
 -3.08621e+01
 -3.08635e+01
 -3.08649e+01
 -3.08663e+01
 -3.08676e+01
 -3.08690e+01
 -3.08704e+01
 -3.08717e+01
 -3.08731e+01
 -3.08745e+01
 -3.08759e+01
 -3.08772e+01
 -3.08786e+01
 -3.08800e+01
 -3.08814e+01
 -3.08827e+01
 -3.08841e+01
 -3.08855e+01
 -3.08869e+01
 -3.08883e+01
 -3.08896e+01
 -3.08910e+01
 -3.08924e+01
 -3.08938e+01
 -3.08952e+01
 -3.08965e+01
 -3.08979e+01
 -3.08993e+01
 -3.09007e+01
 -3.09021e+01
 -3.09034e+01
 -3.09048e+01
 -3.09062e+01
 -3.09076e+01
 -3.09090e+01
 -3.09104e+01
 -3.09117e+01
 -3.09131e+01
 -3.09145e+01
 -3.09159e+01
 -3.09173e+01
 -3.09187e+01
 -3.09201e+01
 -3.09214e+01
 -3.09228e+01
 -3.09242e+01
 -3.09256e+01
 -3.09270e+01
 -3.09284e+01
 -3.09298e+01
 -3.09312e+01
 -3.09325e+01
 -3.09339e+01
 -3.09353e+01
 -3.09367e+01
 -3.09381e+01
 -3.09395e+01
 -3.09409e+01
 -3.09423e+01
 -3.09437e+01
 -3.09451e+01
 -3.09465e+01
 -3.09479e+01
 -3.09492e+01
 -3.09506e+01
 -3.09520e+01
 -3.09534e+01
 -3.09548e+01
 -3.09562e+01
 -3.09576e+01
 -3.09590e+01
 -3.09604e+01
 -3.09618e+01
 -3.09632e+01
 -3.09646e+01
 -3.09660e+01
 -3.09674e+01
 -3.09688e+01
 -3.09702e+01
 -3.09716e+01
 -3.09730e+01
 -3.09744e+01
 -3.09758e+01
 -3.09772e+01
 -3.09786e+01
 -3.09800e+01
 -3.09814e+01
 -3.09828e+01
 -3.09842e+01
 -3.09856e+01
 -3.09870e+01
 -3.09884e+01
 -3.09898e+01
 -3.09912e+01
 -3.09926e+01
 -3.09940e+01
 -3.09954e+01
 -3.09968e+01
 -3.09982e+01
 -3.09996e+01
 -3.10010e+01
 -3.10024e+01
 -3.10038e+01
 -3.10053e+01
 -3.10067e+01
 -3.10081e+01
 -3.10095e+01
 -3.10109e+01
 -3.10123e+01
 -3.10137e+01
 -3.10151e+01
 -3.10165e+01
 -3.10179e+01
 -3.10193e+01
 -3.10207e+01
 -3.10222e+01
 -3.10236e+01
 -3.10250e+01
 -3.10264e+01
 -3.10278e+01
 -3.10292e+01
 -3.10306e+01
 -3.10320e+01
 -3.10334e+01
 -3.10349e+01
 -3.10363e+01
 -3.10377e+01
 -3.10391e+01
 -3.10405e+01
 -3.10419e+01
 -3.10433e+01
 -3.10448e+01
 -3.10462e+01
 -3.10476e+01
 -3.10490e+01
 -3.10504e+01
 -3.10518e+01
 -3.10533e+01
 -3.10547e+01
 -3.10561e+01
 -3.10575e+01
 -3.10589e+01
 -3.10603e+01
 -3.10618e+01
 -3.10632e+01
 -3.10646e+01
 -3.10660e+01
 -3.10674e+01
 -3.10689e+01
 -3.10703e+01
 -3.10717e+01
 -3.10731e+01
 -3.10745e+01
 -3.10760e+01
 -3.10774e+01
 -3.10788e+01
 -3.10802e+01
 -3.10817e+01
 -3.10831e+01
 -3.10845e+01
 -3.10859e+01
 -3.10873e+01
 -3.10888e+01
 -3.10902e+01
 -3.10916e+01
 -3.10930e+01
 -3.10945e+01
 -3.10959e+01
 -3.10973e+01
 -3.10987e+01
 -3.11002e+01
 -3.11016e+01
 -3.11030e+01
 -3.11045e+01
 -3.11059e+01
 -3.11073e+01
 -3.11087e+01
 -3.11102e+01
 -3.11116e+01
 -3.11130e+01
 -3.11145e+01
 -3.11159e+01
 -3.11173e+01
 -3.11187e+01
 -3.11202e+01
 -3.11216e+01
 -3.11230e+01
 -3.11245e+01
 -3.11259e+01
 -3.11273e+01
 -3.11288e+01
 -3.11302e+01
 -3.11316e+01
 -3.11331e+01
 -3.11345e+01
 -3.11359e+01
 -3.11374e+01
 -3.11388e+01
 -3.11402e+01
 -3.11417e+01
 -3.11431e+01
 -3.11445e+01
 -3.11460e+01
 -3.11474e+01
 -3.11488e+01
 -3.11503e+01
 -3.11517e+01
 -3.11531e+01
 -3.11546e+01
 -3.11560e+01
 -3.11574e+01
 -3.11589e+01
 -3.11603e+01
 -3.11618e+01
 -3.11632e+01
 -3.11646e+01
 -3.11661e+01
 -3.11675e+01
 -3.11690e+01
 -3.11704e+01
 -3.11718e+01
 -3.11733e+01
 -3.11747e+01
 -3.11762e+01
 -3.11776e+01
 -3.11790e+01
 -3.11805e+01
 -3.11819e+01
 -3.11834e+01
 -3.11848e+01
 -3.11862e+01
 -3.11877e+01
 -3.11891e+01
 -3.11906e+01
 -3.11920e+01
 -3.11935e+01
 -3.11949e+01
 -3.11963e+01
 -3.11978e+01
 -3.11992e+01
 -3.12007e+01
 -3.12021e+01
 -3.12036e+01
 -3.12050e+01
 -3.12065e+01
 -3.12079e+01
 -3.12093e+01
 -3.12108e+01
 -3.12122e+01
 -3.12137e+01
 -3.12151e+01
 -3.12166e+01
 -3.12180e+01
 -3.12195e+01
 -3.12209e+01
 -3.12224e+01
 -3.12238e+01
 -3.12253e+01
 -3.12267e+01
 -3.12282e+01
 -3.12296e+01
 -3.12311e+01
 -3.12325e+01
 -3.12340e+01
 -3.12354e+01
 -3.12369e+01
 -3.12383e+01
 -3.12398e+01
 -3.12412e+01
 -3.12427e+01
 -3.12441e+01
 -3.12456e+01
 -3.12470e+01
 -3.12485e+01
 -3.12499e+01
 -3.12514e+01
 -3.12528e+01
 -3.12543e+01
 -3.12557e+01
 -3.12572e+01
 -3.12587e+01
 -3.12601e+01
 -3.12616e+01
 -3.12630e+01
 -3.12645e+01
 -3.12659e+01
 -3.12674e+01
 -3.12688e+01
 -3.12703e+01
 -3.12717e+01
 -3.12732e+01
 -3.12747e+01
 -3.12761e+01
 -3.12776e+01
 -3.12790e+01
 -3.12805e+01
 -3.12819e+01
 -3.12834e+01
 -3.12849e+01
 -3.12863e+01
 -3.12878e+01
 -3.12892e+01
 -3.12907e+01
 -3.12922e+01
 -3.12936e+01
 -3.12951e+01
 -3.12965e+01
 -3.12980e+01
 -3.12994e+01
 -3.13009e+01
 -3.13024e+01
 -3.13038e+01
 -3.13053e+01
 -3.13068e+01
 -3.13082e+01
 -3.13097e+01
 -3.13111e+01
 -3.13126e+01
 -3.13141e+01
 -3.13155e+01
 -3.13170e+01
 -3.13184e+01
 -3.13199e+01
 -3.13214e+01
 -3.13228e+01
 -3.13243e+01
 -3.13258e+01
 -3.13272e+01
 -3.13287e+01
 -3.13302e+01
 -3.13316e+01
 -3.13331e+01
 -3.13345e+01
 -3.13360e+01
 -3.13375e+01
 -3.13389e+01
 -3.13404e+01
 -3.13419e+01
 -3.13433e+01
 -3.13448e+01
 -3.13463e+01
 -3.13477e+01
 -3.13492e+01
 -3.13507e+01
 -3.13521e+01
 -3.13536e+01
 -3.13551e+01
 -3.13565e+01
 -3.13580e+01
 -3.13595e+01
 -3.13609e+01
 -3.13624e+01
 -3.13639e+01
 -3.13654e+01
 -3.13668e+01
 -3.13683e+01
 -3.13698e+01
 -3.13712e+01
 -3.13727e+01
 -3.13742e+01
 -3.13756e+01
 -3.13771e+01
 -3.13786e+01
 -3.13801e+01
 -3.13815e+01
 -3.13830e+01
 -3.13845e+01
 -3.13859e+01
 -3.13874e+01
 -3.13889e+01
 -3.13904e+01
 -3.13918e+01
 -3.13933e+01
 -3.13948e+01
 -3.13962e+01
 -3.13977e+01
 -3.13992e+01
 -3.14007e+01
 -3.14021e+01
 -3.14036e+01
 -3.14051e+01
 -3.14066e+01
 -3.14080e+01
 -3.14095e+01
 -3.14110e+01
 -3.14125e+01
 -3.14139e+01
 -3.14154e+01
 -3.14169e+01
 -3.14184e+01
 -3.14198e+01
 -3.14213e+01
 -3.14228e+01
 -3.14243e+01
 