2.87903e+00
 2.88551e+00
 2.91831e+00
 3.00114e+00
 3.15300e+00
 3.38674e+00
 3.70854e+00
 4.11819e+00
 4.61008e+00
 5.17442e+00
 5.79874e+00
 6.46925e+00
 7.17196e+00
 7.89357e+00
 8.62205e+00
 9.34698e+00
 1.00597e+01
 1.07532e+01
 1.14222e+01
 1.20629e+01
 1.26725e+01
 1.32496e+01
 1.37933e+01
 1.43037e+01
 1.47811e+01
 1.52266e+01
 1.56411e+01
 1.60262e+01
 1.63832e+01
 1.67137e+01
 1.70194e+01
 1.73017e+01
 1.75622e+01
 1.78023e+01
 1.80236e+01
 1.82274e+01
 1.84149e+01
 1.85874e+01
 1.87459e+01
 1.88916e+01
 1.90254e+01
 1.91483e+01
 1.92611e+01
 1.93645e+01
 1.94593e+01
 1.95462e+01
 1.96258e+01
 1.96986e+01
 1.97651e+01
 1.98260e+01
 1.98815e+01
 1.99321e+01
 1.99782e+01
 2.00202e+01
 2.00582e+01
 2.00928e+01
 2.01240e+01
 2.01522e+01
 2.01776e+01
 2.02004e+01
 2.02207e+01
 2.02389e+01
 2.02550e+01
 2.02691e+01
 2.02816e+01
 2.02923e+01
 2.03016e+01
 2.03094e+01
 2.03160e+01
 2.03213e+01
 2.03255e+01
 2.03287e+01
 2.03309e+01
 2.03322e+01
 2.03327e+01
 2.03324e+01
 2.03314e+01
 2.03298e+01
 2.03275e+01
 2.03246e+01
 2.03212e+01
 2.03173e+01
 2.03129e+01
 2.03081e+01
 2.03030e+01
 2.02974e+01
 2.02915e+01
 2.02853e+01
 2.02788e+01
 2.02720e+01
 2.02649e+01
 2.02576e+01
 2.02501e+01
 2.02424e+01
 2.02345e+01
 2.02264e+01
 2.02182e+01
 2.02098e+01
 2.02012e+01
 2.01925e+01
 2.01837e+01
 2.01748e+01
 2.01658e+01
 2.01567e+01
 2.01475e+01
 2.01382e+01
 2.01288e+01
 2.01194e+01
 2.01098e+01
 2.01003e+01
 2.00906e+01
 2.00810e+01
 2.00712e+01
 2.00615e+01
 2.00516e+01
 2.00418e+01
 2.00319e+01
 2.00220e+01
 2.00120e+01
 2.00020e+01
 1.99920e+01
 1.99820e+01
 1.99720e+01
 1.99619e+01
 1.99518e+01
 1.99417e+01
 1.99316e+01
 1.99215e+01
 1.99114e+01
 1.99012e+01
 1.98911e+01
 1.98809e+01
 1.98707e+01
 1.98606e+01
 1.98504e+01
 1.98402e+01
 1.98300e+01
 1.98199e+01
 1.98097e+01
 1.97995e+01
 1.97893e+01
 1.97791e+01
 1.97689e+01
 1.97588e+01
 1.97486e+01
 1.97384e+01
 1.97282e+01
 1.97180e+01
 1.97079e+01
 1.96977e+01
 1.96875e+01
 1.96774e+01
 1.96672e+01
 1.96571e+01
 1.96469e+01
 1.96368e+01
 1.96266e+01
 1.96165e+01
 1.96064e+01
 1.95962e+01
 1.95861e+01
 1.95760e+01
 1.95659e+01
 1.95558e+01
 1.95457e+01
 1.95356e+01
 1.95255e+01
 1.95155e+01
 1.95054e+01
 1.94953e+01
 1.94853e+01
 1.94752e+01
 1.94652e+01
 1.94552e+01
 1.94451e+01
 1.94351e+01
 1.94251e+01
 1.94151e+01
 1.94051e+01
 1.93951e+01
 1.93851e+01
 1.93751e+01
 1.93651e+01
 1.93552e+01
 1.93452e+01
 1.93353e+01
 1.93253e+01
 1.93154e+01
 1.93054e+01
 1.92955e+01
 1.92856e+01
 1.92757e+01
 1.92658e+01
 1.92559e+01
 1.92460e+01
 1.92361e+01
 1.92262e+01
 1.92164e+01
 1.92065e+01
 1.91967e+01
 1.91868e+01
 1.91770e+01
 1.91671e+01
 1.91573e+01
 1.91475e+01
 1.91377e+01
 1.91279e+01
 1.91181e+01
 1.91083e+01
 1.90985e+01
 1.90887e+01
 1.90790e+01
 1.90692e+01
 1.90595e+01
 1.90497e+01
 1.90400e+01
 1.90303e+01
 1.90205e+01
 1.90108e+01
 1.90011e+01
 1.89914e+01
 1.89817e+01
 1.89720e+01
 1.89623e+01
 1.89527e+01
 1.89430e+01
 1.89333e+01
 1.89237e+01
 1.89140e+01
 1.89044e+01
 1.88948e+01
 1.88852e+01
 1.88755e+01
 1.88659e+01
 1.88563e+01
 1.88467e+01
 1.88371e+01
 1.88276e+01
 1.88180e+01
 1.88084e+01
 1.87989e+01
 1.87893e+01
 1.87798e+01
 1.87702e+01
 1.87607e+01
 1.87512e+01
 1.87417e+01
 1.87322e+01
 1.87227e+01
 1.87132e+01
 1.87037e+01
 1.86942e+01
 1.86847e+01
 1.86752e+01
 1.86658e+01
 1.86563e+01
 1.86469e+01
 1.86375e+01
 1.86280e+01
 1.86186e+01
 1.86092e+01
 1.85998e+01
 1.85904e+01
 1.85810e+01
 1.85716e+01
 1.85622e+01
 1.85528e+01
 1.85434e+01
 1.85341e+01
 1.85247e+01
 1.85154e+01
 1.85060e+01
 1.84967e+01
 1.84874e+01
 1.84781e+01
 1.84687e+01
 1.84594e+01
 1.84501e+01
 1.84408e+01
 1.84316e+01
 1.84223e+01
 1.84130e+01
 1.84037e+01
 1.83945e+01
 1.83852e+01
 1.83760e+01
 1.83668e+01
 1.83575e+01
 1.83483e+01
 1.83391e+01
 1.83299e+01
 1.83207e+01
 1.83115e+01
 1.83023e+01
 1.82931e+01
 1.82839e+01
 1.82748e+01
 1.82656e+01
 1.82564e+01
 1.82473e+01
 1.82381e+01
 1.82290e+01
 1.82199e+01
 1.82108e+01
 1.82016e+01
 1.81925e+01
 1.81834e+01
 1.81743e+01
 1.81652e+01
 1.81562e+01
 1.81471e+01
 1.81380e+01
 1.81290e+01
 1.81199e+01
 1.81109e+01
 1.81018e+01
 1.80928e+01
 1.80838e+01
 1.80747e+01
 1.80657e+01
 1.80567e+01
 1.80477e+01
 1.80387e+01
 1.80297e+01
 1.80208e+01
 1.80118e+01
 1.80028e+01
 1.79939e+01
 1.79849e+01
 1.79760e+01
 1.79670e+01
 1.79581e+01
 1.79492e+01
 1.79402e+01
 1.79313e+01
 1.79224e+01
 1.79135e+01
 1.79046e+01
 1.78957e+01
 1.78868e+01
 1.78780e+01
 1.78691e+01
 1.78602e+01
 1.78514e+01
 1.78425e+01
 1.78337e+01
 1.78249e+01
 1.78160e+01
 1.78072e+01
 1.77984e+01
 1.77896e+01
 1.77808e+01
 1.77720e+01
 1.77632e+01
 1.77544e+01
 1.77456e+01
 1.77369e+01
 1.77281e+01
 1.77194e+01
 1.77106e+01
 1.77019e+01
 1.76931e+01
 1.76844e+01
 1.76757e+01
 1.76670e+01
 1.76582e+01
 1.76495e+01
 1.76408e+01
 1.76322e+01
 1.76235e+01
 1.76148e+01
 1.76061e+01
 1.75975e+01
 1.75888e+01
 1.75802e+01
 1.75715e+01
 1.75629e+01
 1.75542e+01
 1.75456e+01
 1.75370e+01
 1.75284e+01
 1.75198e+01
 1.75112e+01
 1.75026e+01
 1.74940e+01
 1.74854e+01
 1.74769e+01
 1.74683e+01
 1.74597e+01
 1.74512e+01
 1.74426e+01
 1.74341e+01
 1.74255e+01
 1.74170e+01
 1.74085e+01
 1.74000e+01
 1.73914e+01
 1.73829e+01
 1.73744e+01
 1.73659e+01
 1.73575e+01
 1.73490e+01
 1.73405e+01
 1.73320e+01
 1.73236e+01
 1.73151e+01
 1.73067e+01
 1.72982e+01
 1.72898e+01
 1.72814e+01
 1.72729e+01
 1.72645e+01
 1.72561e+01
 1.72477e+01
 1.72393e+01
 1.72309e+01
 1.72225e+01
 1.72142e+01
 1.72058e+01
 1.71974e+01
 1.71891e+01
 1.71807e+01
 1.71724e+01
 1.71640e+01
 1.71557e+01
 1.71473e+01
 1.71390e+01
 1.71307e+01
 1.71224e+01
 1.71141e+01
 1.71058e+01
 1.70975e+01
 1.70892e+01
 1.70809e+01
 1.70726e+01
 1.70644e+01
 1.70561e+01
 1.70479e+01
 1.70396e+01
 1.70314e+01
 1.70231e+01
 1.70149e+01
 1.70067e+01
 1.69984e+01
 1.69902e+01
 1.69820e+01
 1.69738e+01
 1.69656e+01
 1.69574e+01
 1.69492e+01
 1.69411e+01
 1.69329e+01
 1.69247e+01
 1.69166e+01
 1.69084e+01
 1.69003e+01
 1.68921e+01
 1.68840e+01
 1.68759e+01
 1.68678e+01
 1.68597e+01
 1.68515e+01
 1.68434e+01
 1.68353e+01
 1.68272e+01
 1.68192e+01
 1.68111e+01
 1.68030e+01
 1.67949e+01
 1.67869e+01
 1.67788e+01
 1.67708e+01
 1.67627e+01
 1.67547e+01
 1.67466e+01
 1.67386e+01
 1.67306e+01
 1.67226e+01
 1.67146e+01
 1.67066e+01
 1.66986e+01
 1.66906e+01
 1.66826e+01
 1.66746e+01
 1.66666e+01
 1.66587e+01
 1.66507e+01
 1.66428e+01
 1.66348e+01
 1.66269e+01
 1.66189e+01
 1.66110e+01
 1.66031e+01
 1.65951e+01
 1.65872e+01
 1.65793e+01
 1.65714e+01
 1.65635e+01
 1.65557e+01
 1.65478e+01
 1.65399e+01
 1.65320e+01
 1.65242e+01
 1.65163e+01
 1.65084e+01
 1.65006e+01
 1.64927e+01
 1.64849e+01
 1.64771e+01
 1.64692e+01
 1.64614e+01
 1.64536e+01
 1.64458e+01
 1.64380e+01
 1.64302e+01
 1.64224e+01
 1.64146e+01
 1.64068e+01
 1.63991e+01
 1.63913e+01
 1.63835e+01
 1.63758e+01
 1.63680e+01
 1.63603e+01
 1.63525e+01
 1.63448e+01
 1.63371e+01
 1.63293e+01
 1.63216e+01
 1.63139e+01
 1.63062e+01
 1.62985e+01
 1.62908e+01
 1.62831e+01
 1.62754e+01
 1.62678e+01
 1.62601e+01
 1.62525e+01
 1.62448e+01
 1.62372e+01
 1.62295e+01
 1.62219e+01
 1.62142e+01
 1.62066e+01
 1.61990e+01
 1.61913e+01
 1.61837e+01
 1.61761e+01
 1.61685e+01
 1.61609e+01
 1.61533e+01
 1.61457e+01
 1.61382e+01
 1.61306e+01
 1.61230e+01
 1.61154e+01
 1.61079e+01
 1.61003e+01
 1.60928e+01
 1.60852e+01
 1.60777e+01
 1.60702e+01
 1.60627e+01
 1.60551e+01
 1.60476e+01
 1.60401e+01
 1.60326e+01
 1.60251e+01
 1.60176e+01
 1.60101e+01
 1.60027e+01
 1.59952e+01
 1.59877e+01
 1.59803e+01
 1.59728e+01
 1.59653e+01
 1.59579e+01
 1.59505e+01
 1.59431e+01
 1.59356e+01
 1.59282e+01
 1.59208e+01
 1.59134e+01
 1.59060e+01
 1.58985e+01
 1.58912e+01
 1.58838e+01
 1.58764e+01
 1.58690e+01
 1.58616e+01
 1.58542e+01
 1.58469e+01
 1.58395e+01
 1.58322e+01
 1.58248e+01
 1.58175e+01
 1.58101e+01
 1.58028e+01
 1.57955e+01
 1.57882e+01
 1.57809e+01
 1.57735e+01
 1.57662e+01
 1.57589e+01
 1.57516e+01
 1.57444e+01
 1.57371e+01
 1.57298e+01
 1.57225e+01
 1.57153e+01
 1.57080e+01
 1.57007e+01
 1.56935e+01
 1.56862e+01
 1.56790e+01
 1.56718e+01
 1.56646e+01
 1.56574e+01
 1.56501e+01
 1.56429e+01
 1.56357e+01
 1.56285e+01
 1.56213e+01
 1.56141e+01
 1.56069e+01
 1.55998e+01
 1.55926e+01
 1.55854e+01
 1.55782e+01
 1.55711e+01
 1.55639e+01
 1.55568e+01
 1.55496e+01
 1.55425e+01
 1.55354e+01
 1.55282e+01
 1.55211e+01
 1.55140e+01
 1.55069e+01
 1.54998e+01
 1.54927e+01
 1.54856e+01
 1.54785e+01
 1.54714e+01
 1.54643e+01
 1.54573e+01
 1.54502e+01
 1.54431e+01
 1.54361e+01
 1.54290e+01
 1.54220e+01
 1.54149e+01
 1.54079e+01
 1.54009e+01
 1.53938e+01
 1.53868e+01
 1.53798e+01
 1.53728e+01
 1.53658e+01
 1.53588e+01
 1.53518e+01
 1.53448e+01
 1.53378e+01
 1.53308e+01
 1.53239e+01
 1.53169e+01
 1.53099e+01
 1.53030e+01
 1.52960e+01
 1.52891e+01
 1.52821e+01
 1.52752e+01
 1.52682e+01
 1.52613e+01
 1.52544e+01
 1.52475e+01
 1.52406e+01
 1.52337e+01
 1.52267e+01
 1.52199e+01
 1.52130e+01
 1.52061e+01
 1.51992e+01
 1.51923e+01
 1.51854e+01
 1.51786e+01
 1.51717e+01
 1.51649e+01
 1.51580e+01
 1.51512e+01
 1.51443e+01
 1.51375e+01
 1.51306e+01
 1.51238e+01
 1.51170e+01
 1.51102e+01
 1.51034e+01
 1.50966e+01
 1.50898e+01
 1.50830e+01
 1.50762e+01
 1.50694e+01
 1.50626e+01
 1.50559e+01
 1.50491e+01
 1.50423e+01
 1.50356e+01
 1.50288e+01
 1.50220e+01
 1.50153e+01
 1.50086e+01
 1.50018e+01
 1.49951e+01
 1.49884e+01
 1.49816e+01
 1.49749e+01
 1.49682e+01
 1.49615e+01
 1.49548e+01
 1.49481e+01
 1.49414e+01
 1.49347e+01
 1.49281e+01
 1.49214e+01
 1.49147e+01
 1.49080e+01
 1.49014e+01
 1.48947e+01
 1.48881e+01
 1.48814e+01
 1.48748e+01
 1.48681e+01
 1.48615e+01
 1.48549e+01
 1.48483e+01
 1.48417e+01
 1.48351e+01
 1.48285e+01
 1.48219e+01
 1.48153e+01
 1.48087e+01
 1.48021e+01
 1.47955e+01
 1.47889e+01
 1.47823e+01
 1.47758e+01
 1.47692e+01
 1.47627e+01
 1.47561e+01
 1.47496e+01
 1.47430e+01
 1.47365e+01
 1.47299e+01
 1.47234e+01
 1.47169e+01
 1.47104e+01
 1.47039e+01
 1.46973e+01
 1.46908e+01
 1.46843e+01
 1.46778e+01
 1.46714e+01
 1.46649e+01
 1.46584e+01
 1.46519e+01
 1.46454e+01
 1.46390e+01
 1.46325e+01
 1.46261e+01
 1.46196e+01
 1.46132e+01
 1.46067e+01
 1.46003e+01
 1.45938e+01
 1.45874e+01
 1.45810e+01
 1.45746e+01
 1.45682e+01
 1.45618e+01
 1.45554e+01
 1.45490e+01
 1.45426e+01
 1.45362e+01
 1.45298e+01
 1.45234e+01
 1.45170e+01
 1.45107e+01
 1.45043e+01
 1.44979e+01
 1.44916e+01
 1.44852e+01
 1.44789e+01
 1.44725e+01
 1.44662e+01
 1.44599e+01
 1.44535e+01
 1.44472e+01
 1.44409e+01
 1.44346e+01
 1.44283e+01
 1.44220e+01
 1.44157e+01
 1.44094e+01
 1.44031e+01
 1.43968e+01
 1.43905e+01
 1.43842e+01
 1.43780e+01
 1.43717e+01
 1.43654e+01
 1.43592e+01
 1.43529e+01
 1.43467e+01
 1.43404e+01
 1.43342e+01
 1.43280e+01
 1.43218e+01
 1.43155e+01
 1.43093e+01
 1.43031e+01
 1.42969e+01
 1.42907e+01
 1.42845e+01
 1.42783e+01
 1.42721e+01
 1.42659e+01
 1.42597e+01
 1.42535e+01
 1.42474e+01
 1.42412e+01
 1.42350e+01
 1.42289e+01
 1.42227e+01
 1.42165e+01
 1.42104e+01
 1.42043e+01
 1.41981e+01
 1.41920e+01
 1.41859e+01
 1.41797e+01
 1.41736e+01
 1.41675e+01
 1.41614e+01
 1.41553e+01
 1.41492e+01
 1.41431e+01
 1.41370e+01
 1.41309e+01
 1.41248e+01
 1.41187e+01
 1.41127e+01
 1.41066e+01
 1.41005e+01
 1.40945e+01
 1.40884e+01
 1.40823e+01
 1.40763e+01
 1.40703e+01
 1.40642e+01
 1.40582e+01
 1.40522e+01
 1.40461e+01
 1.40401e+01
 1.40341e+01
 1.40281e+01
 1.40221e+01
 1.40161e+01
 1.40101e+01
 1.40041e+01
 1.39981e+01
 1.39921e+01
 1.39861e+01
 1.39802e+01
 1.39742e+01
 1.39682e+01
 1.39623e+01
 1.39563e+01
 1.39503e+01
 1.39444e+01
 1.39385e+01
 1.39325e+01
 1.39266e+01
 1.39206e+01
 1.39147e+01
 1.39088e+01
 1.39029e+01
 1.38970e+01
 1.38910e+01
 1.38851e+01
 1.38792e+01
 1.38733e+01
 1.38674e+01
 1.38616e+01
 1.38557e+01
 1.38498e+01
 1.38439e+01
 1.38381e+01
 1.38322e+01
 1.38263e+01
 1.38205e+01
 1.38146e+01
 1.38088e+01
 1.38029e+01
 1.37971e+01
 1.37913e+01
 1.37854e+01
 1.37796e+01
 1.37738e+01
 1.37680e+01
 1.37621e+01
 1.37563e+01
 1.37505e+01
 1.37447e+01
 1.37389e+01
 1.37331e+01
 1.37274e+01
 1.37216e+01
 1.37158e+01
 1.37100e+01
 1.37042e+01
 1.36985e+01
 1.36927e+01
 1.36870e+01
 1.36812e+01
 1.36754e+01
 1.36697e+01
 1.36640e+01
 1.36582e+01
 1.36525e+01
 1.36468e+01
 1.36410e+01
 1.36353e+01
 1.36296e+01
 1.36239e+01
 1.36182e+01
 1.36125e+01
 1.36068e+01
 1.36011e+01
 1.35954e+01
 1.35897e+01
 1.35840e+01
 1.35784e+01
 1.35727e+01
 1.35670e+01
 1.35614e+01
 1.35557e+01
 1.35500e+01
 1.35444e+01
 1.35387e+01
 1.35331e+01
 1.35275e+01
 1.35218e+01
 1.35162e+01
 1.35106e+01
 1.35049e+01
 1.34993e+01
 1.34937e+01
 1.34881e+01
 1.34825e+01
 1.34769e+01
 1.34713e+01
 1.34657e+01
 1.34601e+01
 1.34545e+01
 1.34489e+01
 1.34434e+01
 1.34378e+01
 1.34322e+01
 1.34267e+01
 1.34211e+01
 1.34155e+01
 1.34100e+01
 1.34044e+01
 1.33989e+01
 1.33934e+01
 1.33878e+01
 1.33823e+01
 1.33768e+01
 1.33713e+01
 1.33657e+01
 1.33602e+01
 1.33547e+01
 1.33492e+01
 1.33437e+01
 1.33382e+01
 1.33327e+01
 1.33272e+01
 1.33217e+01
 1.33162e+01
 1.33108e+01
 1.33053e+01
 1.32998e+01
 1.32943e+01
 1.32889e+01
 1.32834e+01
 1.32780e+01
 1.32725e+01
 1.32671e+01
 1.32616e+01
 1.32562e+01
 1.32508e+01
 1.32453e+01
 1.32399e+01
 1.32345e+01
 1.32291e+01
 1.32236e+01
 1.32182e+01
 1.32128e+01
 1.32074e+01
 1.32020e+01
 1.31966e+01
 1.31912e+01
 1.31859e+01
 1.31805e+01
 1.31751e+01
 1.31697e+01
 1.31644e+01
 1.31590e+01
 1.31537e+01
 1.31483e+01
 1.31429e+01
 1.31376e+01
 1.31322e+01
 1.31269e+01
 1.31216e+01
 1.31162e+01
 1.31109e+01
 1.31056e+01
 1.31002e+01
 1.30949e+01
 1.30896e+01
 1.30843e+01
 1.30790e+01
 1.30737e+01
 1.30684e+01
 1.30631e+01
 1.30578e+01
 1.30525e+01
 1.30472e+01
 1.30420e+01
 1.30367e+01
 1.30314e+01
 1.30262e+01
 1.30209e+01
 1.30156e+01
 1.30104e+01
 1.30051e+01
 1.29999e+01
 1.29946e+01
 1.29894e+01
 1.29842e+01
 1.29789e+01
 1.29737e+01
 1.29685e+01
 1.29632e+01
 1.29580e+01
 1.29528e+01
 1.29476e+01
 1.29424e+01
 1.29372e+01
 1.29320e+01
 1.29268e+01
 1.29216e+01
 1.29165e+01
 1.29113e+01
 1.29061e+01
 1.29009e+01
 1.28958e+01
 1.28906e+01
 1.28854e+01
 1.28803e+01
 1.28751e+01
 1.28700e+01
 1.28648e+01
 1.28597e+01
 1.28545e+01
 1.28494e+01
 1.28443e+01
 1.28391e+01
 1.28340e+01
 1.28289e+01
 1.28238e+01
 1.28187e+01
 1.28135e+01
 1.28084e+01
 1.28033e+01
 1.27982e+01
 1.27931e+01
 1.27881e+01
 1.27830e+01
 1.27779e+01
 1.27728e+01
 1.27677e+01
 1.27627e+01
 1.27576e+01
 1.27525e+01
 1.27475e+01
 1.27424e+01
 1.27374e+01
 1.27323e+01
 1.27273e+01
 1.27222e+01
 1.27172e+01
 1.27122e+01
 1.27071e+01
 1.27021e+01
 1.26971e+01
 1.26921e+01
 1.26871e+01
 1.26820e+01
 1.26770e+01
 1.26720e+01
 1.26670e+01
 1.26620e+01
 1.26570e+01
 1.26521e+01
 1.26471e+01
 1.26421e+01
 1.26371e+01
 1.26321e+01
 1.26272e+01
 1.26222e+01
 1.26172e+01
 1.26123e+01
 1.26073e+01
 1.26024e+01
 1.25974e+01
 1.25925e+01
 1.25875e+01
 1.25826e+01
 1.25777e+01
 1.25727e+01
 1.25678e+01
 1.25629e+01
 1.25580e+01
 1.25530e+01
 1.25482e+01
 1.25433e+01
 1.25383e+01
 1.25334e+01
 1.25285e+01
 1.25237e+01
 1.25188e+01
 1.25139e+01
 1.25090e+01
 1.25041e+01
 1.24992e+01
 1.24944e+01
 1.24895e+01
 1.24846e+01
 1.24798e+01
 1.24749e+01
 1.24701e+01
 1.24652e+01
 1.24604e+01
 1.24555e+01
 1.24507e+01
 1.24458e+01
 1.24410e+01
 1.24362e+01
 1.24314e+01
 1.24265e+01
 1.24217e+01
 1.24169e+01
 1.24121e+01
 1.24073e+01
 1.24025e+01
 1.23977e+01
 1.23929e+01
 1.23881e+01
 1.23833e+01
 1.23785e+01
 1.23737e+01
 1.23690e+01
 1.23642e+01
 1.23594e+01
 1.23547e+01
 1.23499e+01
 1.23451e+01
 1.23404e+01
 1.23356e+01
 1.23309e+01
 1.23261e+01
 1.23214e+01
 1.23166e+01
 1.23119e+01
 1.23072e+01
 1.23024e+01
 1.22977e+01
 1.22930e+01
 1.22883e+01
 1.22836e+01
 1.22789e+01
 1.22741e+01
 1.22694e+01
 1.22647e+01
 1.22600e+01
 1.22553e+01
 1.22507e+01
 1.22460e+01
 1.22413e+01
 1.22366e+01
 1.22319e+01
 1.22273e+01
 1.22226e+01
 1.22179e+01
 1.22133e+01
 1.22086e+01
 1.22039e+01
 1.21993e+01
 1.21946e+01
 1.21900e+01
 1.21853e+01
 1.21807e+01
 1.21761e+01
 1.21714e+01
 1.21668e+01
 1.21622e+01
 1.21576e+01
 1.21530e+01
 1.21483e+01
 1.21437e+01
 1.21391e+01
 1.21345e+01
 1.21299e+01
 1.21253e+01
 1.21207e+01
 1.21161e+01
 1.21116e+01
 1.21070e+01
 1.21024e+01
 1.20978e+01
 1.20932e+01
 1.20887e+01
 1.20841e+01
 1.20795e+01
 1.20750e+01
 1.20704e+01
 1.20659e+01
 1.20613e+01
 1.20568e+01
 1.20522e+01
 1.20477e+01
 1.20432e+01
 1.20386e+01
 1.20341e+01
 1.20296e+01
 1.20250e+01
 1.20205e+01
 1.20160e+01
 1.20115e+01
 1.20070e+01
 1.20025e+01
 1.19980e+01
 1.19935e+01
 1.19890e+01
 1.19845e+01
 1.19800e+01
 1.19755e+01
 1.19710e+01
 1.19666e+01
 1.19621e+01
 1.19576e+01
 1.19531e+01
 1.19487e+01
 1.19442e+01
 1.19398e+01
 1.19353e+01
 1.19308e+01
 1.19264e+01
 1.19219e+01
 1.19175e+01
 1.19131e+01
 1.19086e+01
 1.19042e+01
 1.18998e+01
 1.18953e+01
 1.18909e+01
 1.18865e+01
 1.18821e+01
 1.18777e+01
 1.18733e+01
 1.18688e+01
 1.18644e+01
 1.18600e+01
 1.18556e+01
 1.18513e+01
 1.18469e+01
 1.18425e+01
 1.18381e+01
 1.18337e+01
 1.18293e+01
 1.18250e+01
 1.18206e+01
 1.18162e+01
 1.18119e+01
 1.18075e+01
 1.18032e+01
 1.17988e+01
 1.17944e+01
 1.17901e+01
 1.17858e+01
 1.17814e+01
 1.17771e+01
 1.17727e+01
 1.17684e+01
 1.17641e+01
 1.17597e+01
 1.17554e+01
 1.17511e+01
 1.17468e+01
 1.17425e+01
 1.17382e+01
 1.17339e+01
 1.17296e+01
 1.17253e+01
 1.17210e+01
 1.17167e+01
 1.17124e+01
 1.17081e+01
 1.17038e+01
 1.16995e+01
 1.16952e+01
 1.16910e+01
 1.16867e+01
 1.16824e+01
 1.16782e+01
 1.16739e+01
 1.16696e+01
 1.16654e+01
 1.16611e+01
 1.16569e+01
 1.16526e+01
 1.16484e+01
 1.16442e+01
 1.16399e+01
 1.16357e+01
 1.16315e+01
 1.16272e+01
 1.16230e+01
 1.16188e+01
 1.16146e+01
 1.16104e+01
 1.16062e+01
 1.16019e+01
 1.15977e+01
 1.15935e+01
 1.15893e+01
 1.15851e+01
 1.15810e+01
 1.15768e+01
 1.15726e+01
 1.15684e+01
 1.15642e+01
 1.15600e+01
 1.15559e+01
 1.15517e+01
 1.15475e+01
 1.15434e+01
 1.15392e+01
 1.15350e+01
 1.15309e+01
 1.15267e+01
 1.15226e+01
 1.15184e+01
 1.15143e+01
 1.15101e+01
 1.15060e+01
 1.15019e+01
 1.14977e+01
 1.14936e+01
 1.14895e+01
 1.14854e+01
 1.14812e+01
 1.14771e+01
 1.14730e+01
 1.14689e+01
 1.14648e+01
 1.14607e+01
 1.14566e+01
 1.14525e+01
 1.14484e+01
 1.14443e+01
 1.14402e+01
 1.14362e+01
 1.14321e+01
 1.14280e+01
 1.14239e+01
 1.14198e+01
 1.14158e+01
 1.14117e+01
 1.14076e+01
 1.14036e+01
 1.13995e+01
 1.13955e+01
 1.13914e+01
 1.13874e+01
 1.13833e+01
 1.13793e+01
 1.13752e+01
 1.13712e+01
 1.13672e+01
 1.13631e+01
 1.13591e+01
 1.13551e+01
 1.13511e+01
 1.13470e+01
 1.13430e+01
 1.13390e+01
 1.13350e+01
 1.13310e+01
 1.13270e+01
 1.13230e+01
 1.13190e+01
 1.13150e+01
 1.13110e+01
 1.13070e+01
 1.13031e+01
 1.12991e+01
 1.12951e+01
 1.12911e+01
 1.12871e+01
 1.12832e+01
 1.12792e+01
 1.12752e+01
 1.12713e+01
 1.12673e+01
 1.12633e+01
 1.12594e+01
 1.12554e+01
 1.12515e+01
 1.12475e+01
 1.12436e+01
 1.12397e+01
 1.12357e+01
 1.12318e+01
 1.12279e+01
 1.12239e+01
 1.12200e+01
 1.12161e+01
 1.12122e+01
 1.12083e+01
 1.12043e+01
 1.12004e+01
 1.11965e+01
 1.11926e+01
 1.11887e+01
 1.11848e+01
 1.11809e+01
 1.11770e+01
 1.11731e+01
 1.11693e+01
 1.11654e+01
 1.11615e+01
 1.11576e+01
 1.11537e+01
 1.11499e+01
 1.11460e+01
 1.11421e+01
 1.11383e+01
 1.11344e+01
 1.11306e+01
 1.11267e+01
 1.11229e+01
 1.11190e+01
 1.11152e+01
 1.11113e+01
 1.11075e+01
 1.11036e+01
 1.10998e+01
 1.10960e+01
 1.10921e+01
 1.10883e+01
 1.10845e+01
 1.10807e+01
 1.10768e+01
 1.10730e+01
 1.10692e+01
 1.10654e+01
 1.10616e+01
 1.10578e+01
 1.10540e+01
 1.10502e+01
 1.10464e+01
 1.10426e+01
 1.10388e+01
 1.10350e+01
 1.10313e+01
 1.10275e+01
 1.10237e+01
 1.10199e+01
 1.10161e+01
 1.10124e+01
 1.10086e+01
 1.10048e+01
 1.10011e+01
 1.09973e+01
 1.09936e+01
 1.09898e+01
 1.09861e+01
 1.09823e+01
 1.09786e+01
 1.09748e+01
 1.09711e+01
 1.09674e+01
 1.09636e+01
 1.09599e+01
 1.09562e+01
 1.09524e+01
 1.09487e+01
 1.09450e+01
 1.09413e+01
 1.09376e+01
 1.09339e+01
 1.09301e+01
 1.09264e+01
 1.09227e+01
 1.09190e+01
 1.09153e+01
 1.09116e+01
 1.09079e+01
 1.09043e+01
 1.09006e+01
 1.08969e+01
 1.08932e+01
 1.08895e+01
 1.08858e+01
 1.08822e+01
 1.08785e+01
 1.08748e+01
 1.08712e+01
 1.08675e+01
 1.08638e+01
 1.08602e+01
 1.08565e+01
 1.08529e+01
 1.08492e+01
 1.08456e+01
 1.08420e+01
 1.08383e+01
 1.08347e+01
 1.08310e+01
 1.08274e+01
 1.08238e+01
 1.08202e+01
 1.08165e+01
 1.08129e+01
 1.08093e+01
 1.08057e+01
 1.08021e+01
 1.07984e+01
 1.07948e+01
 1.07912e+01
 1.07876e+01
 1.07840e+01
 1.07804e+01
 1.07768e+01
 1.07732e+01
 1.07697e+01
 1.07661e+01
 1.07625e+01
 1.07589e+01
 1.07553e+01
 1.07517e+01
 1.07482e+01
 1.07446e+01
 1.07410e+01
 1.07375e+01
 1.07339e+01
 1.07303e+01
 1.07268e+01
 1.07232e+01
 1.07197e+01
 1.07161e+01
 1.07126e+01
 1.07090e+01
 1.07055e+01
 1.07020e+01
 1.06984e+01
 1.06949e+01
 1.06914e+01
 1.06878e+01
 1.06843e+01
 1.06808e+01
 1.06773e+01
 1.06737e+01
 1.06702e+01
 1.06667e+01
 1.06632e+01
 1.06597e+01
 1.06562e+01
 1.06527e+01
 1.06492e+01
 1.06457e+01
 1.06422e+01
 1.06387e+01
 1.06352e+01
 1.06317e+01
 1.06282e+01
 1.06248e+01
 1.06213e+01
 1.06178e+01
 1.06143e+01
 1.06109e+01
 1.06074e+01
 1.06039e+01
 1.06005e+01
 1.05970e+01
 1.05935e+01
 1.05901e+01
 1.05866e+01
 1.05832e+01
 1.05797e+01
 1.05763e+01
 1.05728e+01
 1.05694e+01
 1.05660e+01
 1.05625e+01
 1.05591e+01
 1.05557e+01
 1.05522e+01
 1.05488e+01
 1.05454e+01
 1.05420e+01
 1.05385e+01
 1.05351e+01
 1.05317e+01
 1.05283e+01
 1.05249e+01
 1.05215e+01
 1.05181e+01
 1.05147e+01
 1.05113e+01
 1.05079e+01
 1.05045e+01
 1.05011e+01
 1.04977e+01
 1.04943e+01
 1.04910e+01
 1.04876e+01
 1.04842e+01
 1.04808e+01
 1.04775e+01
 1.04741e+01
 1.04707e+01
 1.04674e+01
 1.04640e+01
 1.04606e+01
 1.04573e+01
 1.04539e+01
 1.04506e+01
 1.04472e+01
 1.04439e+01
 1.04405e+01
 1.04372e+01
 1.04338e+01
 1.04305e+01
 1.04272e+01
 1.04238e+01
 1.04205e+01
 1.04172e+01
 1.04139e+01
 1.04105e+01
 1.04072e+01
 1.04039e+01
 1.04006e+01
 1.03973e+01
 1.03940e+01
 1.03907e+01
 1.03873e+01
 1.03840e+01
 1.03807e+01
 1.03774e+01
 1.03741e+01
 1.03709e+01
 1.03676e+01
 1.03643e+01
 1.03610e+01
 1.03577e+01
 1.03544e+01
 1.03511e+01
 1.03479e+01
 1.03446e+01
 1.03413e+01
 1.03381e+01
 1.03348e+01
 1.03315e+01
 1.03283e+01
 1.03250e+01
 1.03217e+01
 1.03185e+01
 1.03152e+01
 1.03120e+01
 1.03087e+01
 1.03055e+01
 1.03023e+01
 1.02990e+01
 1.02958e+01
 1.02926e+01
 1.02893e+01
 1.02861e+01
 1.02829e+01
 1.02796e+01
 1.02764e+01
 1.02732e+01
 1.02700e+01
 1.02668e+01
 1.02635e+01
 1.02603e+01
 1.02571e+01
 1.02539e+01
 1.02507e+01
 1.02475e+01
 1.02443e+01
 1.02411e+01
 1.02379e+01
 1.02347e+01
 1.02315e+01
 1.02284e+01
 1.02252e+01
 1.02220e+01
 1.02188e+01
 1.02156e+01
 1.02125e+01
 1.02093e+01
 1.02061e+01
 1.02029e+01
 1.01998e+01
 1.01966e+01
 1.01934e+01
 1.01903e+01
 1.01871e+01
 1.01840e+01
 1.01808e+01
 1.01777e+01
 1.01745e+01
 1.01714e+01
 1.01683e+01
 1.01651e+01
 1.01620e+01
 1.01588e+01
 1.01557e+01
 1.01526e+01
 1.01494e+01
 1.01463e+01
 1.01432e+01
 1.01401e+01
 1.01370e+01
 1.01338e+01
 1.01307e+01
 1.01276e+01
 1.01245e+01
 1.01214e+01
 1.01183e+01
 1.01152e+01
 1.01121e+01
 1.01090e+01
 1.01059e+01
 1.01028e+01
 1.00997e+01
 1.00966e+01
 1.00935e+01
 1.00904e+01
 1.00874e+01
 1.00843e+01
 1.00812e+01
 1.00781e+01
 1.00750e+01
 1.00720e+01
 1.00689e+01
 1.00658e+01
 1.00628e+01
 1.00597e+01
 1.00566e+01
 1.00536e+01
 1.00505e+01
 1.00475e+01
 1.00444e+01
 1.00414e+01
 1.00384e+01
 1.00353e+01
 1.00323e+01
 1.00292e+01
 1.00262e+01
 1.00232e+01
 1.00201e+01
 1.00171e+01
 1.00141e+01
 1.00110e+01
 1.00080e+01
 1.00050e+01
 1.00020e+01
 9.99895e+00
 9.99594e+00
 9.99293e+00
 9.98992e+00
 9.98691e+00
 9.98390e+00
 9.98090e+00
 9.97790e+00
 9.97490e+00
 9.97190e+00
 9.96891e+00
 9.96591e+00
 9.96292e+00
 9.95994e+00
 9.95695e+00
 9.95397e+00
 9.95099e+00
 9.94801e+00
 9.94503e+00
 9.94206e+00
 9.93908e+00
 9.93611e+00
 9.93314e+00
 9.93018e+00
 9.92722e+00
 9.92427e+00
 9.92131e+00
 9.91835e+00
 9.91539e+00
 9.91244e+00
 9.90949e+00
 9.90654e+00
 9.90360e+00
 9.90065e+00
 9.89771e+00
 9.89477e+00
 9.89183e+00
 9.88890e+00
 9.88597e+00
 9.88303e+00
 9.88011e+00
 9.87718e+00
 9.87425e+00
 9.87133e+00
 9.86841e+00
 9.86550e+00
 9.86258e+00
 9.85967e+00
 9.85675e+00
 9.85385e+00
 9.85094e+00
 9.84803e+00
 9.84513e+00
 9.84223e+00
 9.83933e+00
 9.83644e+00
 9.83354e+00
 9.83065e+00
 9.82776e+00
 9.82487e+00
 9.82199e+00
 9.81910e+00
 9.81622e+00
 9.81334e+00
 9.81047e+00
 9.80761e+00
 9.80473e+00
 9.80186e+00
 9.79899e+00
 9.79613e+00
 9.79326e+00
 9.79040e+00
 9.78754e+00
 9.78468e+00
 9.78183e+00
 9.77897e+00
 9.77612e+00
 9.77327e+00
 9.77043e+00
 9.76758e+00
 9.76474e+00
 9.76190e+00
 9.75906e+00
 9.75622e+00
 9.75339e+00
 9.75055e+00
 9.74772e+00
 9.74490e+00
 9.74207e+00
 9.73925e+00
 9.73642e+00
 9.73360e+00
 9.73079e+00
 9.72797e+00
 9.72516e+00
 9.72235e+00
 9.71954e+00
 9.71673e+00
 9.71393e+00
 9.71112e+00
 9.70832e+00
 9.70552e+00
 9.70273e+00
 9.69993e+00
 9.69714e+00
 9.69436e+00
 9.69157e+00
 9.68878e+00
 9.68600e+00
 9.68322e+00
 9.68044e+00
 9.67766e+00
 9.67488e+00
 9.67211e+00
 9.66934e+00
 9.66657e+00
 9.66380e+00
 9.66103e+00
 9.65827e+00
 9.65551e+00
 9.65275e+00
 9.64999e+00
 9.64723e+00
 9.64448e+00
 9.64173e+00
 9.63898e+00
 9.63623e+00
 9.63349e+00
 9.63074e+00
 9.62800e+00
 9.62526e+00
 9.62253e+00
 9.61979e+00
 9.61706e+00
 9.61433e+00
 9.61160e+00
 9.60887e+00
 9.60615e+00
 9.60342e+00
 9.60070e+00
 9.59798e+00
 9.59527e+00
 9.59255e+00
 9.58984e+00
 9.58713e+00
 9.58443e+00
 9.58173e+00
 9.57902e+00
 9.57631e+00
 9.57361e+00
 9.57092e+00
 9.56822e+00
 9.56552e+00
 9.56283e+00
 9.56014e+00
 9.55745e+00
 9.55476e+00
 9.55208e+00
 9.54940e+00
 9.54672e+00
 9.54404e+00
 9.54136e+00
 9.53869e+00
 9.53601e+00
 9.53334e+00
 9.53067e+00
 9.52801e+00
 9.52534e+00
 9.52268e+00
 9.52002e+00
 9.51736e+00
 9.51470e+00
 9.51205e+00
 9.50939e+00
 9.50674e+00
 9.50409e+00
 9.50145e+00
 9.49880e+00
 9.49616e+00
 9.49352e+00
 9.49088e+00
 9.48824e+00
 9.48560e+00
 9.48297e+00
 9.48034e+00
 9.47772e+00
 9.47509e+00
 9.47247e+00
 9.46984e+00
 9.46722e+00
 9.46460e+00
 9.46198e+00
 9.45937e+00
 9.45675e+00
 9.45414e+00
 9.45153e+00
 9.44892e+00
 9.44632e+00
 9.44371e+00
 9.44111e+00
 9.43851e+00
 9.43591e+00
 9.43331e+00
 9.43072e+00
 9.42813e+00
 9.42554e+00
 9.42295e+00
 9.42036e+00
 9.41778e+00
 9.41519e+00
 9.41261e+00
 9.41003e+00
 9.40746e+00
 9.40488e+00
 9.40231e+00
 9.39973e+00
 9.39717e+00
 9.39460e+00
 9.39203e+00
 9.38947e+00
 9.38691e+00
 9.38435e+00
 9.38179e+00
 9.37923e+00
 9.37668e+00
 9.37413e+00
 9.37159e+00
 9.36904e+00
 9.36649e+00
 9.36394e+00
 9.36140e+00
 9.35886e+00
 9.35632e+00
 9.35378e+00
 9.35125e+00
 9.34871e+00
 9.34618e+00
 9.34365e+00
 9.34112e+00
 9.33860e+00
 9.33607e+00
 9.33355e+00
 9.33103e+00
 9.32851e+00
 9.32599e+00
 9.32348e+00
 9.32097e+00
 9.31846e+00
 9.31595e+00
 9.31344e+00
 9.31093e+00
 9.30843e+00
 9.30593e+00
 9.30343e+00
 9.30093e+00
 9.29843e+00
 9.29594e+00
 9.29345e+00
 9.29096e+00
 9.28847e+00
 9.28598e+00
 9.28349e+00
 9.28101e+00
 9.27853e+00
 9.27605e+00
 9.27358e+00
 9.27111e+00
 9.26863e+00
 9.26616e+00
 9.26369e+00
 9.26122e+00
 9.25875e+00
 9.25629e+00
 9.25383e+00
 9.25136e+00
 9.24890e+00
 9.24645e+00
 9.24399e+00
 9.24154e+00
 9.23909e+00
 9.23663e+00
 9.23419e+00
 9.23174e+00
 9.22929e+00
 9.22685e+00
 9.22441e+00
 9.22197e+00
 9.21953e+00
 9.21710e+00
 9.21466e+00
 9.21223e+00
 9.20980e+00
 9.20737e+00
 9.20495e+00
 9.20252e+00
 9.20010e+00
 9.19768e+00
 9.19526e+00
 9.19284e+00
 9.19042e+00
 9.18801e+00
 9.18560e+00
 9.18319e+00
 9.18078e+00
 9.17837e+00
 9.17597e+00
 9.17357e+00
 9.17117e+00
 9.16877e+00
 9.16637e+00
 9.16397e+00
 9.16158e+00
 9.15919e+00
 9.15680e+00
 9.15441e+00
 9.15202e+00
 9.14963e+00
 9.14725e+00
 9.14487e+00
 9.14249e+00
 9.14011e+00
 9.13773e+00
 9.13536e+00
 9.13298e+00
 9.13061e+00
 9.12824e+00
 9.12587e+00
 9.12351e+00
 9.12114e+00
 9.11878e+00
 9.11642e+00
 9.11406e+00
 9.11170e+00
 9.10935e+00
 9.10699e+00
 9.10464e+00
 9.10229e+00
 9.09994e+00
 9.09759e+00
 9.09525e+00
 9.09291e+00
 9.09056e+00
 9.08822e+00
 9.08589e+00
 9.08355e+00
 9.08122e+00
 9.07889e+00
 9.07656e+00
 9.07423e+00
 9.07190e+00
 9.06958e+00
 9.06725e+00
 9.06493e+00
 9.06261e+00
 9.06029e+00
 9.05797e+00
 9.05565e+00
 9.05334e+00
 9.05103e+00
 9.04872e+00
 9.04641e+00
 9.04410e+00
 9.04180e+00
 9.03949e+00
 9.03719e+00
 9.03489e+00
 9.03259e+00
 9.03029e+00
 9.02800e+00
 9.02571e+00
 9.02341e+00
 9.02112e+00
 9.01883e+00
 9.01655e+00
 9.01426e+00
 9.01198e+00
 9.00970e+00
 9.00742e+00
 9.00514e+00
 9.00286e+00
 9.00059e+00
 8.99832e+00
 8.99604e+00
 8.99377e+00
 8.99151e+00
 8.98924e+00
 8.98699e+00
 8.98472e+00
 8.98246e+00
 8.98020e+00
 8.97794e+00
 8.97568e+00
 8.97343e+00
 8.97118e+00
 8.96893e+00
 8.96668e+00
 8.96443e+00
 8.96218e+00
 8.95994e+00
 8.95769e+00
 8.95545e+00
 8.95321e+00
 8.95098e+00
 8.94874e+00
 8.94650e+00
 8.94427e+00
 8.94204e+00
 8.93981e+00
 8.93758e+00
 8.93536e+00
 8.93313e+00
 8.93091e+00
 8.92869e+00
 8.92647e+00
 8.92425e+00
 8.92203e+00
 8.91982e+00
 8.91760e+00
 8.91539e+00
 8.91318e+00
 8.91097e+00
 8.90877e+00
 8.90656e+00
 8.90436e+00
 8.90216e+00
 8.89996e+00
 8.89777e+00
 8.89557e+00
 8.89338e+00
 8.89118e+00
 8.88899e+00
 8.88680e+00
 8.88461e+00
 8.88242e+00
 8.88024e+00
 8.87805e+00
 8.87587e+00
 8.87369e+00
 8.87151e+00
 8.86934e+00
 8.86716e+00
 8.86499e+00
 8.86281e+00
 8.86064e+00
 8.85847e+00
 8.85631e+00
 8.85414e+00
 8.85198e+00
 8.84981e+00
 8.84765e+00
 8.84549e+00
 8.84333e+00
 8.84118e+00
 8.83902e+00
 8.83687e+00
 8.83472e+00
 8.83257e+00
 8.83042e+00
 8.82827e+00
 8.82613e+00
 8.82398e+00
 8.82184e+00
 8.81970e+00
 8.81756e+00
 8.81543e+00
 8.81329e+00
 8.81117e+00
 8.80903e+00
 8.80690e+00
 8.80477e+00
 8.80264e+00
 8.80052e+00
 8.79839e+00
 8.79627e+00
 8.79415e+00
 8.79203e+00
 8.78991e+00
 8.78779e+00
 8.78568e+00
 8.78356e+00
 8.78145e+00
 8.77934e+00
 8.77723e+00
 8.77513e+00
 8.77302e+00
 8.77092e+00
 8.76881e+00
 8.76671e+00
 8.76461e+00
 8.76251e+00
 8.76042e+00
 8.75832e+00
 8.75623e+00
 8.75414e+00
 8.75205e+00
 8.74996e+00
 8.74787e+00
 8.74579e+00
 8.74370e+00
 8.74162e+00
 8.73954e+00
 8.73746e+00
 8.73538e+00
 8.73331e+00
 8.73123e+00
 8.72916e+00
 8.72710e+00
 8.72503e+00
 8.72296e+00
 8.72089e+00
 8.71882e+00
 8.71676e+00
 8.71470e+00
 8.71264e+00
 8.71058e+00
 8.70852e+00
 8.70646e+00
 8.70441e+00
 8.70236e+00
 8.70030e+00
 8.69825e+00
 8.69621e+00
 8.69416e+00
 8.69211e+00
 8.69007e+00
 8.68803e+00
 8.68599e+00
 8.68395e+00
 8.68191e+00
 8.67987e+00
 8.67784e+00
 8.67580e+00
 8.67377e+00
 8.67174e+00
 8.66971e+00
 8.66768e+00
 8.66566e+00
 8.66363e+00
 8.66161e+00
 8.65959e+00
 8.65757e+00
 8.65555e+00
 8.65353e+00
 8.65152e+00
 8.64951e+00
 8.64749e+00
 8.64549e+00
 8.64348e+00
 8.64147e+00
 8.63947e+00
 8.63746e+00
 8.63546e+00
 8.63346e+00
 8.63145e+00
 8.62946e+00
 8.62746e+00
 8.62546e+00
 8.62347e+00
 8.62147e+00
 8.61948e+00
 8.61749e+00
 8.61550e+00
 8.61352e+00
 8.61153e+00
 8.60955e+00
 8.60756e+00
 8.60558e+00
 8.60360e+00
 8.60162e+00
 8.59965e+00
 8.59767e+00
 8.59570e+00
 8.59373e+00
 8.59176e+00
 8.58979e+00
 8.58782e+00
 8.58585e+00
 8.58389e+00
 8.58192e+00
 8.57996e+00
 8.57800e+00
 8.57604e+00
 8.57408e+00
 8.57213e+00
 8.57017e+00
 8.56822e+00
 8.56627e+00
 8.56432e+00
 8.56237e+00
 8.56043e+00
 8.55848e+00
 8.55653e+00
 8.55459e+00
 8.55265e+00
 8.55071e+00
 8.54877e+00
 8.54683e+00
 8.54490e+00
 8.54296e+00
 8.54103e+00
 8.53910e+00
 8.53717e+00
 8.53524e+00
 8.53331e+00
 8.53138e+00
 8.52946e+00
 8.52753e+00
 8.52561e+00
 8.52369e+00
 8.52177e+00
 8.51986e+00
 8.51794e+00
 8.51603e+00
 8.51411e+00
 8.51220e+00
 8.51029e+00
 8.50838e+00
 8.50647e+00
 8.50457e+00
 8.50266e+00
 8.50076e+00
 8.49886e+00
 8.49696e+00
 8.49506e+00
 8.49316e+00
 8.49126e+00
 8.48937e+00
 8.48748e+00
 8.48559e+00
 8.48370e+00
 8.48181e+00
 8.47992e+00
 8.47804e+00
 8.47615e+00
 8.47427e+00
 8.47238e+00
 8.47050e+00
 8.46862e+00
 8.46675e+00
 8.46487e+00
 8.46299e+00
 8.46112e+00
 8.45925e+00
 8.45738e+00
 8.45551e+00
 8.45364e+00
 8.45177e+00
 8.44991e+00
 8.44804e+00
 8.44618e+00
 8.44432e+00
 8.44246e+00
 8.44060e+00
 8.43874e+00
 8.43689e+00
 8.43503e+00
 8.43318e+00
 8.43133e+00
 8.42948e+00
 8.42763e+00
 8.42578e+00
 8.42393e+00
 8.42209e+00
 8.42025e+00
 8.41840e+00
 8.41656e+00
 8.41473e+00
 8.41289e+00
 8.41106e+00
 8.40922e+00
 8.40739e+00
 8.40555e+00
 8.40372e+00
 8.40189e+00
 8.40006e+00
 8.39824e+00
 8.39641e+00
 8.39459e+00
 8.39276e+00
 8.39094e+00
 8.38912e+00
 8.38730e+00
 8.38548e+00
 8.38367e+00
 8.38185e+00
 8.38004e+00
 8.37823e+00
 8.37642e+00
 8.37461e+00
 8.37280e+00
 8.37099e+00
 8.36919e+00
 8.36738e+00
 8.36558e+00
 8.36378e+00
 8.36198e+00
 8.36018e+00
 8.35838e+00
 8.35658e+00
 8.35479e+00
 8.35300e+00
 8.35120e+00
 8.34941e+00
 8.34762e+00
 8.34584e+00
 8.34405e+00
 8.34227e+00
 8.34049e+00
 8.33870e+00
 8.33692e+00
 8.33514e+00
 8.33336e+00
 8.33158e+00
 8.32981e+00
 8.32803e+00
 8.32626e+00
 8.32449e+00
 8.32272e+00
 8.32095e+00
 8.31918e+00
 8.31741e+00
 8.31565e+00
 8.31388e+00
 8.31212e+00
 8.31036e+00
 8.30860e+00
 8.30684e+00
 8.30508e+00
 8.30332e+00
 8.30157e+00
 8.29981e+00
 8.29806e+00
 8.29631e+00
 8.29456e+00
 8.29281e+00
 8.29106e+00
 8.28932e+00
 8.28757e+00
 8.28583e+00
 8.28408e+00
 8.28234e+00
 8.28060e+00
 8.27887e+00
 8.27713e+00
 8.27539e+00
 8.27366e+00
 8.27193e+00
 8.27020e+00
 8.26847e+00
 8.26674e+00
 8.26501e+00
 8.26328e+00
 8.26156e+00
 8.25983e+00
 8.25811e+00
 8.25639e+00
 8.25467e+00
 8.25295e+00
 8.25123e+00
 8.24952e+00
 8.24780e+00
 8.24609e+00
 8.24437e+00
 8.24266e+00
 8.24095e+00
 8.23924e+00
 8.23754e+00
 8.23583e+00
 8.23412e+00
 8.23242e+00
 8.23072e+00
 8.22902e+00
 8.22732e+00
 8.22562e+00
 8.22392e+00
 8.22222e+00
 8.22053e+00
 8.21883e+00
 8.21714e+00
 8.21545e+00
 8.21376e+00
 8.21207e+00
 8.21038e+00
 8.20870e+00
 8.20701e+00
 8.20533e+00
 8.20365e+00
 8.20197e+00
 8.20029e+00
 8.19861e+00
 8.19693e+00
 8.19526e+00
 8.19358e+00
 8.19191e+00
 8.19024e+00
 8.18857e+00
 8.18690e+00
 8.18523e+00
 8.18356e+00
 8.18189e+00
 8.18023e+00
 8.17856e+00
 8.17690e+00
 8.17524e+00
 8.17358e+00
 8.17192e+00
 8.17026e+00
 8.16861e+00
 8.16695e+00
 8.16530e+00
 8.16365e+00
 8.16199e+00
 8.16034e+00
 8.15869e+00
 8.15705e+00
 8.15540e+00
 8.15375e+00
 8.15211e+00
 8.15047e+00
 8.14883e+00
 8.14718e+00
 8.14555e+00
 8.14391e+00
 8.14227e+00
 8.14063e+00
 8.13900e+00
 8.13737e+00
 8.13574e+00
 8.13411e+00
 8.13248e+00
 8.13085e+00
 8.12922e+00
 8.12760e+00
 8.12597e+00
 8.12435e+00
 8.12273e+00
 8.12111e+00
 8.11949e+00
 8.11787e+00
 8.11625e+00
 8.11463e+00
 8.11302e+00
 8.11141e+00
 8.10979e+00
 8.10818e+00
 8.10657e+00
 8.10496e+00
 8.10335e+00
 8.10175e+00
 8.10014e+00
 8.09854e+00
 8.09693e+00
 8.09533e+00
 8.09373e+00
 8.09213e+00
 8.09053e+00
 8.08894e+00
 8.08734e+00
 8.08574e+00
 8.08415e+00
 8.08256e+00
 8.08097e+00
 8.07938e+00
 8.07779e+00
 8.07620e+00
 8.07461e+00
 8.07303e+00
 8.07145e+00
 8.06987e+00
 8.06829e+00
 8.06670e+00
 8.06512e+00
 8.06355e+00
 8.06197e+00
 8.06039e+00
 8.05882e+00
 8.05724e+00
 8.05567e+00
 8.05410e+00
 8.05253e+00
 8.05096e+00
 8.04939e+00
 8.04783e+00
 8.04626e+00
 8.04470e+00
 8.04313e+00
 8.04157e+00
 8.04001e+00
 8.03845e+00
 8.03689e+00
 8.03534e+00
 8.03378e+00
 8.03222e+00
 8.03067e+00
 8.02912e+00
 8.02757e+00
 8.02602e+00
 8.02447e+00
 8.02292e+00
 8.02137e+00
 8.01982e+00
 8.01828e+00
 8.01674e+00
 8.01519e+00
 8.01365e+00
 8.01211e+00
 8.01057e+00
 8.00904e+00
 8.00751e+00
 8.00597e+00
 8.00444e+00
 8.00290e+00
 8.00137e+00
 7.99984e+00
 7.99831e+00
 7.99678e+00
 7.99525e+00
 7.99373e+00
 7.99220e+00
 7.99068e+00
 7.98915e+00
 7.98763e+00
 7.98611e+00
 7.98459e+00
 7.98307e+00
 7.98155e+00
 7.98004e+00
 7.97852e+00
 7.97701e+00
 7.97550e+00
 7.97398e+00
 7.97247e+00
 7.97096e+00
 7.96946e+00
 7.96795e+00
 7.96644e+00
 7.96494e+00
 7.96343e+00
 7.96193e+00
 7.96043e+00
 7.95893e+00
 7.95743e+00
 7.95593e+00
 7.95443e+00
 7.95294e+00
 7.95144e+00
 7.94995e+00
 7.94846e+00
 7.94697e+00
 7.94548e+00
 7.94399e+00
 7.94250e+00
 7.94101e+00
 7.93953e+00
 7.93804e+00
 7.93656e+00
 7.93507e+00
 7.93359e+00
 7.93211e+00
 7.93063e+00
 7.92915e+00
 7.92768e+00
 7.92620e+00
 7.92473e+00
 7.92325e+00
 7.92178e+00
 7.92031e+00
 7.91884e+00
 7.91737e+00
 7.91590e+00
 7.91443e+00
 7.91296e+00
 7.91150e+00
 7.91003e+00
 7.90857e+00
 7.90711e+00
 7.90565e+00
 7.90419e+00
 7.90273e+00
 7.90127e+00
 7.89981e+00
 7.89836e+00
 7.89690e+00
 7.89545e+00
 7.89400e+00
 7.89255e+00
 7.89110e+00
 7.88965e+00
 7.88821e+00
 7.88676e+00
 7.88531e+00
 7.88387e+00
 7.88242e+00
 7.88098e+00
 7.87954e+00
 7.87810e+00
 7.87666e+00
 7.87522e+00
 7.87378e+00
 7.87235e+00
 7.87091e+00
 7.86948e+00
 7.86805e+00
 7.86661e+00
 7.86518e+00
 7.86375e+00
 7.86232e+00
 7.86090e+00
 7.85947e+00
 7.85804e+00
 7.85662e+00
 7.85520e+00
 7.85377e+00
 7.85235e+00
 7.85093e+00
 7.84951e+00
 7.84809e+00
 7.84668e+00
 7.84526e+00
 7.84385e+00
 7.84243e+00
 7.84102e+00
 7.83961e+00
 7.83820e+00
 7.83679e+00
 7.83538e+00
 7.83397e+00
 7.83257e+00
 7.83116e+00
 7.82976e+00
 7.82835e+00
 7.82695e+00
 7.82555e+00
 7.82415e+00
 7.82275e+00
 7.82135e+00
 7.81995e+00
 7.81856e+00
 7.81716e+00
 7.81577e+00
 7.81438e+00
 7.81298e+00
 7.81159e+00
 7.81020e+00
 7.80881e+00
 7.80743e+00
 7.80604e+00
 7.80465e+00
 7.80327e+00
 7.80188e+00
 7.80050e+00
 7.79912e+00
 7.79774e+00
 7.79636e+00
 7.79498e+00
 7.79360e+00
 7.79222e+00
 7.79085e+00
 7.78947e+00
 7.78810e+00
 7.78673e+00
 7.78536e+00
 7.78399e+00
 7.78262e+00
 7.78125e+00
 7.77988e+00
 7.77851e+00
 7.77715e+00
 7.77579e+00
 7.77443e+00
 7.77306e+00
 7.77170e+00
 7.77034e+00
 7.76898e+00
 7.76762e+00
 7.76627e+00
 7.76491e+00
 7.76355e+00
 7.76220e+00
 7.76085e+00
 7.75949e+00
 7.75814e+00
 7.75679e+00
 7.75544e+00
 7.75409e+00
 7.75275e+00
 7.75140e+00
 7.75006e+00
 7.74871e+00
 7.74737e+00
 7.74603e+00
 7.74468e+00
 7.74334e+00
 7.74200e+00
 7.74067e+00
 7.73933e+00
 7.73799e+00
 7.73666e+00
 7.73532e+00
 7.73399e+00
 7.73266e+00
 7.73133e+00
 7.72999e+00
 7.72867e+00
 7.72734e+00
 7.72601e+00
 7.72468e+00
 7.72336e+00
 7.72204e+00
 7.72072e+00
 7.71939e+00
 7.71807e+00
 7.71675e+00
 7.71543e+00
 7.71411e+00
 7.71279e+00
 7.71148e+00
 7.71016e+00
 7.70885e+00
 7.70753e+00
 7.70622e+00
 7.70491e+00
 7.70360e+00
 7.70229e+00
 7.70098e+00
 7.69967e+00
 7.69836e+00
 7.69706e+00
 7.69575e+00
 7.69445e+00
 7.69315e+00
 7.69184e+00
 7.69054e+00
 7.68924e+00
 7.68794e+00
 7.68664e+00
 7.68535e+00
 7.68405e+00
 7.68276e+00
 7.68146e+00
 7.68017e+00
 7.67888e+00
 7.67758e+00
 7.67629e+00
 7.67500e+00
 7.67372e+00
 7.67243e+00
 7.67114e+00
 7.66986e+00
 7.66858e+00
 7.66729e+00
 7.66601e+00
 7.66473e+00
 7.66345e+00
 7.66217e+00
 7.66089e+00
 7.65961e+00
 7.65833e+00
 7.65705e+00
 7.65578e+00
 7.65451e+00
 7.65323e+00
 7.65196e+00
 7.65069e+00
 7.64942e+00
 7.64815e+00
 7.64688e+00
 7.64561e+00
 7.64434e+00
 7.64308e+00
 7.64181e+00
 7.64055e+00
 7.63929e+00
 7.63802e+00
 7.63676e+00
 7.63550e+00
 7.63424e+00
 7.63299e+00
 7.63173e+00
 7.63047e+00
 7.62922e+00
 7.62796e+00
 7.62671e+00
 7.62546e+00
 7.62420e+00
 7.62295e+00
 7.62170e+00
 7.62045e+00
 7.61921e+00
 7.61796e+00
 7.61672e+00
 7.61547e+00
 7.61423e+00
 7.61298e+00
 7.61174e+00
 7.61050e+00
 7.60926e+00
 7.60802e+00
 7.60678e+00
 7.60554e+00
 7.60430e+00
 7.60307e+00
 7.60183e+00
 7.60060e+00
 7.59937e+00
 7.59813e+00
 7.59690e+00
 7.59567e+00
 7.59444e+00
 7.59321e+00
 7.59199e+00
 7.59076e+00
 7.58953e+00
 7.58831e+00
 7.58708e+00
 7.58586e+00
 7.58464e+00
 7.58342e+00
 7.58219e+00
 7.58098e+00
 7.57976e+00
 7.57854e+00
 7.57732e+00
 7.57611e+00
 7.57489e+00
 7.57368e+00
 7.57246e+00
 7.57125e+00
 7.57004e+00
 7.56883e+00
 7.56762e+00
 7.56641e+00
 7.56521e+00
 7.56400e+00
 7.56279e+00
 7.56159e+00
 7.56038e+00
 7.55918e+00
 7.55798e+00
 7.55678e+00
 7.55557e+00
 7.55437e+00
 7.55318e+00
 7.55198e+00
 7.55078e+00
 7.54958e+00
 7.54839e+00
 7.54719e+00
 7.54600e+00
 7.54481e+00
 7.54362e+00
 7.54242e+00
 7.54123e+00
 7.54004e+00
 7.53886e+00
 7.53767e+00
 7.53648e+00
 7.53530e+00
 7.53411e+00
 7.53293e+00
 7.53174e+00
 7.53056e+00
 7.52938e+00
 7.52820e+00
 7.52702e+00
 7.52584e+00
 7.52466e+00
 7.52349e+00
 7.52232e+00
 7.52114e+00
 7.51997e+00
 7.51879e+00
 7.51762e+00
 7.51645e+00
 7.51528e+00
 7.51411e+00
 7.51294e+00
 7.51177e+00
 7.51060e+00
 7.50944e+00
 7.50827e+00
 7.50711e+00
 7.50594e+00
 7.50478e+00
 7.50362e+00
 7.50246e+00
 7.50130e+00
 7.50014e+00
 7.49898e+00
 7.49782e+00
 7.49666e+00
 7.49551e+00
 7.49435e+00
 7.49320e+00
 7.49204e+00
 7.49089e+00
 7.48974e+00
 7.48859e+00
 7.48744e+00
 7.48629e+00
 7.48514e+00
 7.48399e+00
 7.48284e+00
 7.48170e+00
 7.48055e+00
 7.47941e+00
 7.47827e+00
 7.47712e+00
 7.47598e+00
 7.47485e+00
 7.47371e+00
 7.47257e+00
 7.47143e+00
 7.47029e+00
 7.46915e+00
 7.46802e+00
 7.46688e+00
 7.46575e+00
 7.46462e+00
 7.46348e+00
 7.46235e+00
 7.46122e+00
 7.46009e+00
 7.45896e+00
 7.45783e+00
 7.45671e+00
 7.45558e+00
 7.45446e+00
 7.45333e+00
 7.45221e+00
 7.45108e+00
 7.44996e+00
 7.44884e+00
 7.44772e+00
 7.44660e+00
 7.44548e+00
 7.44436e+00
 7.44324e+00
 7.44213e+00
 7.44101e+00
 7.43990e+00
 7.43878e+00
 7.43767e+00
 7.43656e+00
 7.43545e+00
 7.43434e+00
 7.43323e+00
 7.43212e+00
 7.43101e+00
 7.42991e+00
 7.42880e+00
 7.42769e+00
 7.42659e+00
 7.42548e+00
 7.42438e+00
 7.42328e+00
 7.42218e+00
 7.42108e+00
 7.41998e+00
 7.41888e+00
 7.41778e+00
 7.41668e+00
 7.41558e+00
 7.41449e+00
 7.41339e+00
 7.41230e+00
 7.41121e+00
 7.41011e+00
 7.40902e+00
 7.40793e+00
 7.40684e+00
 7.40575e+00
 7.40466e+00
 7.40357e+00
 7.40249e+00
 7.40140e+00
 7.40031e+00
 7.39923e+00
 7.39815e+00
 7.39706e+00
 7.39598e+00
 7.39490e+00
 7.39382e+00
 7.39274e+00
 7.39166e+00
 7.39058e+00
 7.38950e+00
 7.38843e+00
 7.38735e+00
 7.38628e+00
 7.38521e+00
 7.38413e+00
 7.38306e+00
 7.38199e+00
 7.38092e+00
 7.37985e+00
 7.37878e+00
 7.37771e+00
 7.37664e+00
 7.37558e+00
 7.37451e+00
 7.37344e+00
 7.37238e+00
 7.37132e+00
 7.37025e+00
 7.36919e+00
 7.36813e+00
 7.36707e+00
 7.36601e+00
 7.36495e+00
 7.36389e+00
 7.36283e+00
 7.36178e+00
 7.36072e+00
 7.35966e+00
 7.35861e+00
 7.35756e+00
 7.35650e+00
 7.35545e+00
 7.35440e+00
 7.35335e+00
 7.35230e+00
 7.35125e+00
 7.35020e+00
 7.34916e+00
 7.34811e+00
 7.34706e+00
 7.34602e+00
 7.34497e+00
 7.34394e+00
 7.34289e+00
 7.34185e+00
 7.34081e+00
 7.33977e+00
 7.33873e+00
 7.33769e+00
 7.33665e+00
 7.33561e+00
 7.33458e+00
 7.33354e+00
 7.33251e+00
 7.33147e+00
 7.33044e+00
 7.32941e+00
 7.32837e+00
 7.32734e+00
 7.32631e+00
 7.32528e+00
 7.32425e+00
 7.32323e+00
 7.32220e+00
 7.32117e+00
 7.32015e+00
 7.31912e+00
 7.31810e+00
 7.31707e+00
 7.31605e+00
 7.31503e+00
 7.31401e+00
 7.31299e+00
 7.31197e+00
 7.31095e+00
 7.30993e+00
 7.30891e+00
 7.30790e+00
 7.30688e+00
 7.30587e+00
 7.30485e+00
 7.30384e+00
 7.30283e+00
 7.30182e+00
 7.30080e+00
 7.29979e+00
 7.29878e+00
 7.29777e+00
 7.29677e+00
 7.29576e+00
 7.29475e+00
 7.29375e+00
 7.29274e+00
 7.29173e+00
 7.29073e+00
 7.28973e+00
 7.28873e+00
 7.28772e+00
 7.28672e+00
 7.28572e+00
 7.28472e+00
 7.28372e+00
 7.28273e+00
 7.28173e+00
 7.28073e+00
 7.27974e+00
 7.27874e+00
 7.27775e+00
 7.27675e+00
 7.27576e+00
 7.27477e+00
 7.27378e+00
 7.27279e+00
 7.27180e+00
 7.27081e+00
 7.26982e+00
 7.26883e+00
 7.26784e+00
 7.26686e+00
 7.26587e+00
 7.26489e+00
 7.26390e+00
 7.26292e+00
 7.26194e+00
 7.26096e+00
 7.25998e+00
 7.25900e+00
 7.25802e+00
 7.25704e+00
 7.25606e+00
 7.25508e+00
 7.25411e+00
 7.25313e+00
 7.25216e+00
 7.25118e+00
 7.25021e+00
 7.24924e+00
 7.24826e+00
 7.24729e+00
 7.24632e+00
 7.24535e+00
 7.24438e+00
 7.24341e+00
 7.24244e+00
 7.24148e+00
 7.24051e+00
 7.23954e+00
 7.23858e+00
 7.23761e+00
 7.23665e+00
 7.23569e+00
 7.23472e+00
 7.23376e+00
 7.23280e+00
 7.23184e+00
 7.23088e+00
 7.22992e+00
 7.22897e+00
 7.22801e+00
 7.22705e+00
 7.22610e+00
 7.22514e+00
 7.22419e+00
 7.22324e+00
 7.22228e+00
 7.22133e+00
 7.22038e+00
 7.21943e+00
 7.21848e+00
 7.21753e+00
 7.21658e+00
 7.21563e+00
 7.21468e+00
 7.21374e+00
 7.21279e+00
 7.21185e+00
 7.21090e+00
 7.20996e+00
 7.20901e+00
 7.20807e+00
 7.20713e+00
 7.20619e+00
 7.20525e+00
 7.20431e+00
 7.20337e+00
 7.20243e+00
 7.20149e+00
 7.20056e+00
 7.19962e+00
 7.19868e+00
 7.19775e+00
 7.19682e+00
 7.19588e+00
 7.19495e+00
 7.19402e+00
 7.19309e+00
 7.19216e+00
 7.19123e+00
 7.19030e+00
 7.18937e+00
 7.18844e+00
 7.18751e+00
 7.18659e+00
 7.18566e+00
 7.18474e+00
 7.18381e+00
 7.18289e+00
 7.18197e+00
 7.18104e+00
 7.18012e+00
 7.17920e+00
 7.17828e+00
 7.17736e+00
 7.17644e+00
 7.17552e+00
 7.17461e+00
 7.17369e+00
 7.17277e+00
 7.17186e+00
 7.17094e+00
 7.17003e+00
 7.16911e+00
 7.16820e+00
 7.16729e+00
 7.16638e+00
 7.16547e+00
 7.16456e+00
 7.16365e+00
 7.16274e+00
 7.16183e+00
 7.16092e+00
 7.16002e+00
 7.15911e+00
 7.15820e+00
 7.15730e+00
 7.15640e+00
 7.15549e+00
 7.15459e+00
 7.15369e+00
 7.15279e+00
 7.15189e+00
 7.15099e+00
 7.15009e+00
 7.14919e+00
 7.14829e+00
 7.14740e+00
 7.14650e+00
 7.14560e+00
 7.14471e+00
 7.14381e+00
 7.14292e+00
 7.14202e+00
 7.14113e+00
 7.14024e+00
 7.13935e+00
 7.13846e+00
 7.13757e+00
 7.13668e+00
 7.13579e+00
 7.13490e+00
 7.13401e+00
 7.13313e+00
 7.13224e+00
 7.13135e+00
 7.13047e+00
 7.12959e+00
 7.12870e+00
 7.12782e+00
 7.12694e+00
 7.12606e+00
 7.12517e+00
 7.12429e+00
 7.12341e+00
 7.12254e+00
 7.12166e+00
 7.12078e+00
 7.11990e+00
 7.11903e+00
 7.11815e+00
 7.11728e+00
 7.11640e+00
 7.11553e+00
 7.11466e+00
 7.11379e+00
 7.11291e+00
 7.11204e+00
 7.11117e+00
 7.11030e+00
 7.10943e+00
 7.10856e+00
 7.10770e+00
 7.10683e+00
 7.10596e+00
 7.10510e+00
 7.10423e+00
 7.10337e+00
 7.10250e+00
 7.10164e+00
 7.10078e+00
 7.09991e+00
 7.09905e+00
 7.09819e+00
 7.09733e+00
 7.09647e+00
 7.09561e+00
 7.09476e+00
 7.09390e+00
 7.09304e+00
 7.09218e+00
 7.09133e+00
 7.09047e+00
 7.08962e+00
 7.08876e+00
 7.08791e+00
 7.08706e+00
 7.08621e+00
 7.08536e+00
 7.08451e+00
 7.08366e+00
 7.08281e+00
 7.08196e+00
 7.08111e+00
 7.08026e+00
 7.07942e+00
 7.07857e+00
 7.07773e+00
 7.07688e+00
 7.07604e+00
 7.07519e+00
 7.07435e+00
 7.07351e+00
 7.07266e+00
 7.07182e+00
 7.07098e+00
 7.07014e+00
 7.06930e+00
 7.06846e+00
 7.06763e+00
 7.06679e+00
 7.06595e+00
 7.06512e+00
 7.06428e+00
 7.06345e+00
 7.06261e+00
 7.06178e+00
 7.06094e+00
 7.06011e+00
 7.05928e+00
 7.05845e+00
 7.05762e+00
 7.05679e+00
 7.05596e+00
 7.05513e+00
 7.05430e+00
 7.05347e+00
 7.05265e+00
 7.05182e+00
 7.05099e+00
 7.05017e+00
 7.04934e+00
 7.04852e+00
 7.04770e+00
 7.04687e+00
 7.04606e+00
 7.04524e+00
 7.04441e+00
 7.04359e+00
 7.04277e+00
 7.04195e+00
 7.04114e+00
 7.04032e+00
 7.03950e+00
 7.03868e+00
 7.03787e+00
 7.03705e+00
 7.03624e+00
 7.03542e+00
 7.03461e+00
 7.03380e+00
 7.03298e+00
 7.03217e+00
 7.03136e+00
 7.03055e+00
 7.02974e+00
 7.02893e+00
 7.02812e+00
 7.02731e+00
 7.02651e+00
 7.02570e+00
 7.02489e+00
 7.02409e+00
 7.02328e+00
 7.02248e+00
 7.02167e+00
 7.02087e+00
 7.02007e+00
 7.01927e+00
 7.01846e+00
 7.01766e+00
 7.01686e+00
 7.01606e+00
 7.01526e+00
 7.01447e+00
 7.01367e+00
 7.01287e+00
 7.01208e+00
 7.01128e+00
 7.01048e+00
 7.00969e+00
 7.00889e+00
 7.00810e+00
 7.00731e+00
 7.00651e+00
 7.00572e+00
 7.00493e+00
 7.00414e+00
 7.00335e+00
 7.00256e+00
 7.00177e+00
 7.00098e+00
 7.00019e+00
 6.99941e+00
 6.99862e+00
 6.99783e+00
 6.99705e+00
 6.99626e+00
 6.99548e+00
 6.99469e+00
 6.99391e+00
 6.99313e+00
 6.99235e+00
 6.99156e+00
 6.99078e+00
 6.99000e+00
 6.98922e+00
 6.98844e+00
 6.98767e+00
 6.98689e+00
 6.98611e+00
 6.98533e+00
 6.98456e+00
 6.98378e+00
 6.98301e+00
 6.98223e+00
 6.98146e+00
 6.98069e+00
 6.97991e+00
 6.97914e+00
 6.97837e+00
 6.97760e+00
 6.97683e+00
 6.97606e+00
 6.97529e+00
 6.97452e+00
 6.97375e+00
 6.97298e+00
 6.97222e+00
 6.97145e+00
 6.97068e+00
 6.96992e+00
 6.96915e+00
 6.96839e+00
 6.96762e+00
 6.96686e+00
 6.96610e+00
 6.96534e+00
 6.96457e+00
 6.96381e+00
 6.96305e+00
 6.96229e+00
 6.96153e+00
 6.96078e+00
 6.96002e+00
 6.95926e+00
 6.95850e+00
 6.95775e+00
 6.95699e+00
 6.95623e+00
 6.95548e+00
 6.95473e+00
 6.95397e+00
 6.95322e+00
 6.95247e+00
 6.95172e+00
 6.95097e+00
 6.95022e+00
 6.94947e+00
 6.94871e+00
 6.94797e+00
 6.94722e+00
 6.94647e+00
 6.94572e+00
 6.94497e+00
 6.94423e+00
 6.94348e+00
 6.94274e+00
 6.94199e+00
 6.94125e+00
 6.94050e+00
 6.93976e+00
 6.93902e+00
 6.93828e+00
 6.93754e+00
 6.93679e+00
 6.93605e+00
 6.93531e+00
 6.93458e+00
 6.93384e+00
 6.93310e+00
 6.93236e+00
 6.93162e+00
 6.93089e+00
 6.93015e+00
 6.92942e+00
 6.92868e+00
 6.92795e+00
 6.92721e+00
 6.92648e+00
 6.92575e+00
 6.92501e+00
 6.92428e+00
 6.92355e+00
 6.92282e+00
 6.92209e+00
 6.92137e+00
 6.92064e+00
 6.91991e+00
 6.91918e+00
 6.91845e+00
 6.91773e+00
 6.91700e+00
 6.91627e+00
 6.91555e+00
 6.91482e+00
 6.91410e+00
 6.91338e+00
 6.91265e+00
 6.91193e+00
 6.91121e+00
 6.91049e+00
 6.90977e+00
 6.90905e+00
 6.90833e+00
 6.90761e+00
 6.90689e+00
 6.90617e+00
 6.90545e+00
 6.90474e+00
 6.90402e+00
 6.90330e+00
 6.90259e+00
 6.90187e+00
 6.90116e+00
 6.90045e+00
 6.89973e+00
 6.89902e+00
 6.89831e+00
 6.89760e+00
 6.89688e+00
 6.89617e+00
 6.89546e+00
 6.89475e+00
 6.89404e+00
 6.89334e+00
 6.89263e+00
 6.89192e+00
 6.89122e+00
 6.89051e+00
 6.88980e+00
 6.88910e+00
 6.88839e+00
 6.88769e+00
 6.88699e+00
 6.88628e+00
 6.88558e+00
 6.88488e+00
 6.88417e+00
 6.88347e+00
 6.88277e+00
 6.88207e+00
 6.88137e+00
 6.88067e+00
 6.87998e+00
 6.87928e+00
 6.87858e+00
 6.87788e+00
 6.87719e+00
 6.87649e+00
 6.87579e+00
 6.87510e+00
 6.87440e+00
 6.87371e+00
 6.87302e+00
 6.87232e+00
 6.87163e+00
 6.87094e+00
 6.87025e+00
 6.86956e+00
 6.86887e+00
 6.86818e+00
 6.86749e+00
 6.86680e+00
 6.86611e+00
 6.86542e+00
 6.86474e+00
 6.86405e+00
 6.86337e+00
 6.86268e+00
 6.86199e+00
 6.86131e+00
 6.86062e+00
 6.85994e+00
 6.85926e+00
 6.85857e+00
 6.85789e+00
 6.85721e+00
 6.85653e+00
 6.85585e+00
 6.85517e+00
 6.85449e+00
 6.85381e+00
 6.85313e+00
 6.85245e+00
 6.85178e+00
 6.85110e+00
 6.85042e+00
 6.84975e+00
 6.84907e+00
 6.84839e+00
 6.84772e+00
 6.84705e+00
 6.84637e+00
 6.84570e+00
 6.84503e+00
 6.84435e+00
 6.84368e+00
 6.84301e+00
 6.84234e+00
 6.84167e+00
 6.84100e+00
 6.84033e+00
 6.83966e+00
 6.83899e+00
 6.83833e+00
 6.83766e+00
 6.83700e+00
 6.83633e+00
 6.83566e+00
 6.83500e+00
 6.83433e+00
 6.83367e+00
 6.83301e+00
 6.83234e+00
 6.83168e+00
 6.83102e+00
 6.83036e+00
 6.82969e+00
 6.82903e+00
 6.82837e+00
 6.82771e+00
 6.82705e+00
 6.82639e+00
 6.82574e+00
 6.82508e+00
 6.82442e+00
 6.82376e+00
 6.82311e+00
 6.82245e+00
 6.82180e+00
 6.82114e+00
 6.82049e+00
 6.81983e+00
 6.81918e+00
 6.81853e+00
 6.81787e+00
 6.81722e+00
 6.81657e+00
 6.81592e+00
 6.81527e+00
 6.81462e+00
 6.81397e+00
 6.81332e+00
 6.81267e+00
 6.81202e+00
 6.81138e+00
 6.81073e+00
 6.81009e+00
 6.80944e+00
 6.80879e+00
 6.80815e+00
 6.80750e+00
 6.80686e+00
 6.80621e+00
 6.80557e+00
 6.80493e+00
 6.80429e+00
 6.80364e+00
 6.80300e+00
 6.80236e+00
 6.80172e+00
 6.80108e+00
 6.80044e+00
 6.79980e+00
 6.79916e+00
 6.79853e+00
 6.79789e+00
 6.79725e+00
 6.79661e+00
 6.79598e+00
 6.79534e+00
 6.79471e+00
 6.79407e+00
 6.79344e+00
 6.79280e+00
 6.79217e+00
 6.79154e+00
 6.79090e+00
 6.79027e+00
 6.78964e+00
 6.78901e+00
 6.78838e+00
 6.78775e+00
 6.78712e+00
 6.78649e+00
 6.78586e+00
 6.78524e+00
 6.78461e+00
 6.78398e+00
 6.78335e+00
 6.78273e+00
 6.78210e+00
 6.78148e+00
 6.78085e+00
 6.78023e+00
 6.77960e+00
 6.77898e+00
 6.77836e+00
 6.77773e+00
 6.77711e+00
 6.77649e+00
 6.77587e+00
 6.77525e+00
 6.77463e+00
 6.77401e+00
 6.77339e+00
 6.77277e+00
 6.77215e+00
 6.77153e+00
 6.77091e+00
 6.77030e+00
 6.76968e+00
 6.76906e+00
 6.76845e+00
 6.76783e+00
 6.76722e+00
 6.76660e+00
 6.76599e+00
 6.76538e+00
 6.76476e+00
 6.76415e+00
 6.76354e+00
 6.76293e+00
 6.76232e+00
 6.76171e+00
 6.76110e+00
 6.76049e+00
 6.75988e+00
 6.75927e+00
 6.75866e+00
 6.75805e+00
 6.75745e+00
 6.75684e+00
 6.75623e+00
 6.75563e+00
 6.75502e+00
 6.75441e+00
 6.75381e+00
 6.75320e+00
 6.75260e+00
 6.75200e+00
 6.75139e+00
 6.75079e+00
 6.75019e+00
 6.74959e+00
 6.74899e+00
 6.74839e+00
 6.74779e+00
 6.74719e+00
 6.74659e+00
 6.74599e+00
 6.74539e+00
 6.74479e+00
 6.74419e+00
 6.74359e+00
 6.74300e+00
 6.74240e+00
 6.74181e+00
 6.74121e+00
 6.74061e+00
 6.74002e+00
 6.73943e+00
 6.73883e+00
 6.73824e+00
 6.73765e+00
 6.73705e+00
 6.73646e+00
 6.73587e+00
 6.73528e+00
 6.73469e+00
 6.73410e+00
 6.73351e+00
 6.73292e+00
 6.73233e+00
 6.73174e+00
 6.73116e+00
 6.73057e+00
 6.72998e+00
 6.72939e+00
 6.72881e+00
 6.72822e+00
 6.72764e+00
 6.72705e+00
 6.72647e+00
 6.72588e+00
 6.72530e+00
 6.72472e+00
 6.72413e+00
 6.72355e+00
 6.72297e+00
 6.72239e+00
 6.72181e+00
 6.72123e+00
 6.72065e+00
 6.72007e+00
 6.71949e+00
 6.71891e+00
 6.71833e+00
 6.71775e+00
 6.71717e+00
 6.71660e+00
 6.71602e+00
 6.71544e+00
 6.71487e+00
 6.71429e+00
 6.71372e+00
 6.71314e+00
 6.71257e+00
 6.71200e+00
 6.71142e+00
 6.71085e+00
 6.71028e+00
 6.70970e+00
 6.70913e+00
 6.70856e+00
 6.70799e+00
 6.70742e+00
 6.70685e+00
 6.70628e+00
 6.70571e+00
 6.70514e+00
 6.70457e+00
 6.70401e+00
 6.70344e+00
 6.70287e+00
 6.70231e+00
 6.70174e+00
 6.70117e+00
 6.70061e+00
 6.70004e+00
 6.69948e+00
 6.69891e+00
 6.69835e+00
 6.69779e+00
 6.69723e+00
 6.69666e+00
 6.69610e+00
 6.69554e+00
 6.69498e+00
 6.69442e+00
 6.69386e+00
 6.69330e+00
 6.69274e+00
 6.69218e+00
 6.69162e+00
 6.69106e+00
 6.69051e+00
 6.68995e+00
 6.68939e+00
 6.68884e+00
 6.68828e+00
 6.68772e+00
 6.68717e+00
 6.68661e+00
 6.68606e+00
 6.68550e+00
 6.68495e+00
 6.68440e+00
 6.68384e+00
 6.68329e+00
 6.68274e+00
 6.68219e+00
 6.68164e+00
 6.68109e+00
 6.68054e+00
 6.67999e+00
 6.67944e+00
 6.67889e+00
 6.67834e+00
 6.67779e+00
 6.67724e+00
 6.67669e+00
 6.67615e+00
 6.67560e+00
 6.67505e+00
 6.67451e+00
 6.67396e+00
 6.67342e+00
 6.67287e+00
 6.67233e+00
 6.67178e+00
 6.67124e+00
 6.67070e+00
 6.67015e+00
 6.66961e+00
 6.66907e+00
 6.66853e+00
 6.66799e+00
 6.66745e+00
 6.66691e+00
 6.66637e+00
 6.66583e+00
 6.66529e+00
 6.66475e+00
 6.66421e+00
 6.66368e+00
 6.66314e+00
 6.66260e+00
 6.66206e+00
 6.66153e+00
 6.66099e+00
 6.66046e+00
 6.65992e+00
 6.65939e+00
 6.65885e+00
 6.65832e+00
 6.65779e+00
 6.65725e+00
 6.65672e+00
 6.65619e+00
 6.65566e+00
 6.65512e+00
 6.65459e+00
 6.65406e+00
 6.65353e+00
 6.65300e+00
 6.65247e+00
 6.65194e+00
 6.65141e+00
 6.65089e+00
 6.65036e+00
 6.64983e+00
 6.64930e+00
 6.64878e+00
 6.64825e+00
 6.64772e+00
 6.64720e+00
 6.64667e+00
 6.64615e+00
 6.64563e+00
 6.64510e+00
 6.64458e+00
 6.64405e+00
 6.64353e+00
 6.64301e+00
 6.64249e+00
 6.64196e+00
 6.64144e+00
 6.64092e+00
 6.64040e+00
 6.63988e+00
 6.63936e+00
 6.63884e+00
 6.63832e+00
 6.63780e+00
 6.63729e+00
 6.63677e+00
 6.63625e+00
 6.63573e+00
 6.63522e+00
 6.63470e+00
 6.63418e+00
 6.63367e+00
 6.63315e+00
 6.63264e+00
 6.63212e+00
 6.63161e+00
 6.63110e+00
 6.63058e+00
 6.63007e+00
 6.62956e+00
 6.62905e+00
 6.62853e+00
 6.62802e+00
 6.62751e+00
 6.62700e+00
 6.62649e+00
 6.62598e+00
 6.62547e+00
 6.62496e+00
 6.62446e+00
 6.62395e+00
 6.62344e+00
 6.62293e+00
 6.62242e+00
 6.62192e+00
 6.62141e+00
 6.62091e+00
 6.62040e+00
 6.61989e+00
 6.61939e+00
 6.61888e+00
 6.61838e+00
 6.61788e+00
 6.61737e+00
 6.61687e+00
 6.61637e+00
 6.61586e+00
 6.61536e+00
 6.61486e+00
 6.61436e+00
 6.61386e+00
 6.61336e+00
 6.61286e+00
 6.61236e+00
 6.61186e+00
 6.61136e+00
 6.61086e+00
 6.61036e+00
 6.60987e+00
 6.60937e+00
 6.60887e+00
 6.60837e+00
 6.60788e+00
 6.60738e+00
 6.60689e+00
 6.60639e+00
 6.60590e+00
 6.60540e+00
 6.60491e+00
 6.60441e+00
 6.60392e+00
 6.60343e+00
 6.60294e+00
 6.60244e+00
 6.60195e+00
 6.60146e+00
 6.60097e+00
 6.60048e+00
 6.59999e+00
 6.59950e+00
 6.59901e+00
 6.59852e+00
 6.59803e+00
 6.59754e+00
 6.59705e+00
 6.59656e+00
 6.59608e+00
 6.59559e+00
 6.59510e+00
 6.59461e+00
 6.59413e+00
 6.59364e+00
 6.59316e+00
 6.59267e+00
 6.59219e+00
 6.59170e+00
 6.59122e+00
 6.59073e+00
 6.59025e+00
 6.58977e+00
 6.58929e+00
 6.58880e+00
 6.58832e+00
 6.58784e+00
 6.58736e+00
 6.58688e+00
 6.58640e+00
 6.58592e+00
 6.58544e+00
 6.58496e+00
 6.58448e+00
 6.58400e+00
 6.58352e+00
 6.58305e+00
 6.58257e+00
 6.58209e+00
 6.58161e+00
 6.58114e+00
 6.58066e+00
 6.58019e+00
 6.57971e+00
 6.57924e+00
 6.57876e+00
 6.57829e+00
 6.57781e+00
 6.57734e+00
 6.57687e+00
 6.57639e+00
 6.57592e+00
 6.57545e+00
 6.57498e+00
 6.57450e+00
 6.57403e+00
 6.57356e+00
 6.57309e+00
 6.57262e+00
 6.57215e+00
 6.57168e+00
 6.57121e+00
 6.57074e+00
 6.57027e+00
 6.56981e+00
 6.56934e+00
 6.56887e+00
 6.56840e+00
 6.56794e+00
 6.56747e+00
 6.56701e+00
 6.56654e+00
 6.56608e+00
 6.56561e+00
 6.56515e+00
 6.56468e+00
 6.56422e+00
 6.56375e+00
 6.56329e+00
 6.56283e+00
 6.56237e+00
 6.56190e+00
 6.56144e+00
 6.56098e+00
 6.56052e+00
 6.56006e+00
 6.55960e+00
 6.55914e+00
 6.55868e+00
 6.55822e+00
 6.55776e+00
 6.55730e+00
 6.55684e+00
 6.55638e+00
 6.55593e+00
 6.55547e+00
 6.55501e+00
 6.55455e+00
 6.55410e+00
 6.55364e+00
 6.55319e+00
 6.55273e+00
 6.55228e+00
 6.55182e+00
 6.55137e+00
 6.55091e+00
 6.55046e+00
 6.55000e+00
 6.54955e+00
 6.54910e+00
 6.54865e+00
 6.54820e+00
 6.54774e+00
 6.54729e+00
 6.54684e+00
 6.54639e+00
 6.54594e+00
 6.54549e+00
 6.54504e+00
 6.54459e+00
 6.54414e+00
 6.54369e+00
 6.54325e+00
 6.54280e+00
 6.54235e+00
 6.54190e+00
 6.54146e+00
 6.54101e+00
 6.54056e+00
 6.54012e+00
 6.53967e+00
 6.53923e+00
 6.53878e+00
 6.53834e+00
 6.53789e+00
 6.53745e+00
 6.53700e+00
 6.53656e+00
 6.53612e+00
 6.53567e+00
 6.53523e+00
 6.53479e+00
 6.53435e+00
 6.53391e+00
 6.53346e+00
 6.53302e+00
 6.53258e+00
 6.53214e+00
 6.53170e+00
 6.53126e+00
 6.53083e+00
 6.53039e+00
 6.52995e+00
 6.52951e+00
 6.52907e+00
 6.52864e+00
 6.52820e+00
 6.52776e+00
 6.52733e+00
 6.52689e+00
 6.52645e+00
 6.52602e+00
 6.52558e+00
 6.52515e+00
 6.52471e+00
 6.52428e+00
 6.52384e+00
 6.52341e+00
 6.52298e+00
 6.52254e+00
 6.52211e+00
 6.52168e+00
 6.52125e+00
 6.52082e+00
 6.52038e+00
 6.51995e+00
 6.51952e+00
 6.51909e+00
 6.51866e+00
 6.51823e+00
 6.51780e+00
 6.51737e+00
 6.51694e+00
 6.51652e+00
 6.51609e+00
 6.51566e+00
 6.51523e+00
 6.51481e+00
 6.51438e+00
 6.51395e+00
 6.51353e+00
 6.51310e+00
 6.51268e+00
 6.51225e+00
 6.51183e+00
 6.51140e+00
 6.51098e+00
 6.51055e+00
 6.51013e+00
 6.50970e+00
 6.50928e+00
 6.50886e+00
 6.50844e+00
 6.50801e+00
 6.50759e+00
 6.50717e+00
 6.50675e+00
 6.50633e+00
 6.50591e+00
 6.50549e+00
 6.50507e+00
 6.50465e+00
 6.50423e+00
 6.50381e+00
 6.50339e+00
 6.50297e+00
 6.50255e+00
 6.50214e+00
 6.50172e+00
 6.50130e+00
 6.50088e+00
 6.50047e+00
 6.50005e+00
 6.49964e+00
 6.49922e+00
 6.49880e+00
 6.49839e+00
 6.49798e+00
 6.49756e+00
 6.49715e+00
 6.49673e+00
 6.49632e+00
 6.49591e+00
 6.49549e+00
 6.49508e+00
 6.49467e+00
 6.49426e+00
 6.49385e+00
 6.49343e+00
 6.49302e+00
 6.49261e+00
 6.49220e+00
 6.49179e+00
 6.49138e+00
 6.49097e+00
 6.49056e+00
 6.49015e+00
 6.48975e+00
 6.48934e+00
 6.48893e+00
 6.48852e+00
 6.48811e+00
 6.48771e+00
 6.48730e+00
 6.48689e+00
 6.48649e+00
 6.48608e+00
 6.48568e+00
 6.48527e+00
 6.48487e+00
 6.48446e+00
 6.48406e+00
 6.48365e+00
 6.48325e+00
 6.48285e+00
 6.48244e+00
 6.48204e+00
 6.48164e+00
 6.48124e+00
 6.48083e+00
 6.48043e+00
 6.48003e+00
 6.47963e+00
 6.47923e+00
 6.47883e+00
 6.47843e+00
 6.47803e+00
 6.47763e+00
 6.47723e+00
 6.47683e+00
 6.47643e+00
 6.47603e+00
 6.47564e+00
 6.47524e+00
 6.47484e+00
 6.47444e+00
 6.47405e+00
 6.47365e+00
 6.47325e+00
 6.47286e+00
 6.47246e+00
 6.47207e+00
 6.47167e+00
 6.47128e+00
 6.47088e+00
 6.47049e+00
 6.47009e+00
 6.46970e+00
 6.46931e+00
 6.46891e+00
 6.46852e+00
 6.46813e+00
 6.46773e+00
 6.46734e+00
 6.46695e+00
 6.46656e+00
 6.46617e+00
 6.46578e+00
 6.46539e+00
 6.46500e+00
 6.46461e+00
 6.46422e+00
 6.46383e+00
 6.46344e+00
 6.46305e+00
 6.46266e+00
 6.46228e+00
 6.46189e+00
 6.46150e+00
 6.46111e+00
 6.46073e+00
 6.46034e+00
 6.45995e+00
 6.45957e+00
 6.45918e+00
 6.45879e+00
 6.45841e+00
 6.45802e+00
 6.45764e+00
 6.45725e+00
 6.45687e+00
 6.45649e+00
 6.45610e+00
 6.45572e+00
 6.45534e+00
 6.45495e+00
 6.45457e+00
 6.45419e+00
 6.45381e+00
 6.45343e+00
 6.45304e+00
 6.45266e+00
 6.45228e+00
 6.45190e+00
 6.45152e+00
 6.45114e+00
 6.45076e+00
 6.45038e+00
 6.45000e+00
 6.44963e+00
 6.44925e+00
 6.44887e+00
 6.44849e+00
 6.44811e+00
 6.44774e+00
 6.44736e+00
 6.44698e+00
 6.44661e+00
 6.44623e+00
 6.44585e+00
 6.44548e+00
 6.44510e+00
 6.44473e+00
 6.44435e+00
 6.44398e+00
 6.44360e+00
 6.44323e+00
 6.44286e+00
 6.44248e+00
 6.44211e+00
 6.44174e+00
 6.44136e+00
 6.44099e+00
 6.44062e+00
 6.44025e+00
 6.43988e+00
 6.43950e+00
 6.43913e+00
 6.43876e+00
 6.43839e+00
 6.43802e+00
 6.43765e+00
 6.43728e+00
 6.43691e+00
 6.43654e+00
 6.43618e+00
 6.43581e+00
 6.43544e+00
 6.43507e+00
 6.43470e+00
 6.43434e+00
 6.43397e+00
 6.43360e+00
 6.43324e+00
 6.43287e+00
 6.43250e+00
 6.43214e+00
 6.43177e+00
 6.43141e+00
 6.43104e+00
 6.43068e+00
 6.43031e+00
 6.42995e+00
 6.42959e+00
 6.42922e+00
 6.42886e+00
 6.42850e+00
 6.42813e+00
 6.42777e+00
 6.42741e+00
 6.42705e+00
 6.42668e+00
 6.42632e+00
 6.42596e+00
 6.42560e+00
 6.42524e+00
 6.42488e+00
 6.42452e+00
 6.42416e+00
 6.42380e+00
 6.42344e+00
 6.42308e+00
 6.42272e+00
 6.42236e+00
 6.42201e+00
 6.42165e+00
 6.42129e+00
 6.42093e+00
 6.42057e+00
 6.42022e+00
 6.41986e+00
 6.41951e+00
 6.41915e+00
 6.41879e+00
 6.41844e+00
 6.41808e+00
 6.41773e+00
 6.41737e+00
 6.41702e+00
 6.41666e+00
 6.41631e+00
 6.41596e+00
 6.41560e+00
 6.41525e+00
 6.41490e+00
 6.41454e+00
 6.41419e+00
 6.41384e+00
 6.41349e+00
 6.41314e+00
 6.41278e+00
 6.41243e+00
 6.41208e+00
 6.41173e+00
 6.41138e+00
 6.41103e+00
 6.41068e+00
 6.41033e+00
 6.40998e+00
 6.40963e+00
 6.40928e+00
 6.40894e+00
 6.40859e+00
 6.40824e+00
 6.40789e+00
 6.40754e+00
 6.40720e+00
 6.40685e+00
 6.40650e+00
 6.40616e+00
 6.40581e+00
 6.40547e+00
 6.40512e+00
 6.40478e+00
 6.40443e+00
 6.40408e+00
 6.40374e+00
 6.40340e+00
 6.40305e+00
 6.40271e+00
 6.40236e+00
 6.40202e+00
 6.40168e+00
 6.40133e+00
 6.40099e+00
 6.40065e+00
 6.40031e+00
 6.39997e+00
 6.39962e+00
 6.39928e+00
 6.39894e+00
 6.39860e+00
 6.39826e+00
 6.39792e+00
 6.39758e+00
 6.39724e+00
 6.39690e+00
 6.39656e+00
 6.39622e+00
 6.39588e+00
 6.39554e+00
 6.39521e+00
 6.39487e+00
 6.39453e+00
 6.39419e+00
 6.39385e+00
 6.39352e+00
 6.39318e+00
 6.39284e+00
 6.39251e+00
 6.39217e+00
 6.39184e+00
 6.39150e+00
 6.39117e+00
 6.39083e+00
 6.39050e+00
 6.39016e+00
 6.38983e+00
 6.38949e+00
 6.38916e+00
 6.38883e+00
 6.38849e+00
 6.38816e+00
 6.38783e+00
 6.38749e+00
 6.38716e+00
 6.38683e+00
 6.38650e+00
 6.38617e+00
 6.38583e+00
 6.38550e+00
 6.38517e+00
 6.38484e+00
 6.38451e+00
 6.38418e+00
 6.38385e+00
 6.38352e+00
 6.38319e+00
 6.38286e+00
 6.38253e+00
 6.38221e+00
 6.38188e+00
 6.38155e+00
 6.38122e+00
 6.38089e+00
 6.38057e+00
 6.38024e+00
 6.37991e+00
 6.37958e+00
 6.37926e+00
 6.37893e+00
 6.37861e+00
 6.37828e+00
 6.37796e+00
 6.37763e+00
 6.37731e+00
 6.37698e+00
 6.37666e+00
 6.37633e+00
 6.37601e+00
 6.37568e+00
 6.37536e+00
 6.37504e+00
 6.37471e+00
 6.37439e+00
 6.37407e+00
 6.37375e+00
 6.37342e+00
 6.37310e+00
 6.37278e+00
 6.37246e+00
 6.37214e+00
 6.37182e+00
 6.37150e+00
 6.37117e+00
 6.37085e+00
 6.37053e+00
 6.37021e+00
 6.36990e+00
 6.36958e+00
 6.36926e+00
 6.36894e+00
 6.36862e+00
 6.36830e+00
 6.36798e+00
 6.36767e+00
 6.36735e+00
 6.36703e+00
 6.36671e+00
 6.36640e+00
 6.36608e+00
 6.36576e+00
 6.36545e+00
 6.36513e+00
 6.36482e+00
 6.36450e+00
 6.36419e+00
 6.36387e+00
 6.36356e+00
 6.36324e+00
 6.36293e+00
 6.36261e+00
 6.36230e+00
 6.36198e+00
 6.36167e+00
 6.36136e+00
 6.36105e+00
 6.36073e+00
 6.36042e+00
 6.36011e+00
 6.35980e+00
 6.35948e+00
 6.35917e+00
 6.35886e+00
 6.35855e+00
 6.35824e+00
 6.35793e+00
 6.35762e+00
 6.35731e+00
 6.35700e+00
 6.35669e+00
 6.35638e+00
 6.35607e+00
 6.35576e+00
 6.35545e+00
 6.35514e+00
 6.35483e+00
 6.35453e+00
 6.35422e+00
 6.35391e+00
 6.35360e+00
 6.35330e+00
 6.35299e+00
 6.35268e+00
 6.35238e+00
 6.35207e+00
 6.35176e+00
 6.35146e+00
 6.35115e+00
 6.35085e+00
 6.35054e+00
 6.35024e+00
 6.34993e+00
 6.34963e+00
 6.34932e+00
 6.34902e+00
 6.34872e+00
 6.34841e+00
 6.34811e+00
 6.34781e+00
 6.34750e+00
 6.34720e+00
 6.34690e+00
 6.34660e+00
 6.34629e+00
 6.34599e+00
 6.34569e+00
 6.34539e+00
 6.34509e+00
 6.34479e+00
 6.34449e+00
 6.34419e+00
 6.34389e+00
 6.34359e+00
 6.34329e+00
 6.34299e+00
 6.34269e+00
 6.34239e+00
 6.34209e+00
 6.34179e+00
 6.34149e+00
 6.34119e+00
 6.34090e+00
 6.34060e+00
 6.34030e+00
 6.34001e+00
 6.33971e+00
 6.33941e+00
 6.33911e+00
 6.33882e+00
 6.33852e+00
 6.33823e+00
 6.33793e+00
 6.33763e+00
 6.33734e+00
 6.33704e+00
 6.33675e+00
 6.33645e+00
 6.33616e+00
 6.33587e+00
 6.33557e+00
 6.33528e+00
 6.33498e+00
 6.33469e+00
 6.33440e+00
 6.33410e+00
 6.33381e+00
 6.33352e+00
 6.33323e+00
 6.33294e+00
 6.33264e+00
 6.33235e+00
 6.33206e+00
 6.33177e+00
 6.33148e+00
 6.33119e+00
 6.33090e+00
 6.33061e+00
 6.33032e+00
 6.33003e+00
 6.32974e+00
 6.32945e+00
 6.32916e+00
 6.32887e+00
 6.32858e+00
 6.32829e+00
 6.32800e+00
 6.32772e+00
 6.32743e+00
 6.32714e+00
 6.32685e+00
 6.32657e+00
 6.32628e+00
 6.32599e+00
 6.32570e+00
 6.32542e+00
 6.32513e+00
 6.32485e+00
 6.32456e+00
 6.32427e+00
 6.32399e+00
 6.32370e+00
 6.32342e+00
 6.32313e+00
 6.32285e+00
 6.32257e+00
 6.32228e+00
 6.32200e+00
 6.32171e+00
 6.32143e+00
 6.32115e+00
 6.32086e+00
 6.32058e+00
 6.32030e+00
 6.32002e+00
 6.31973e+00
 6.31945e+00
 6.31917e+00
 6.31889e+00
 6.31861e+00
 6.31832e+00
 6.31804e+00
 6.31776e+00
 6.31748e+00
 6.31720e+00
 6.31692e+00
 6.31664e+00
 6.31636e+00
 6.31608e+00
 6.31580e+00
 6.31552e+00
 6.31525e+00
 6.31497e+00
 6.31469e+00
 