-1.45099e+02
 -1.45067e+02
 -1.45036e+02
 -1.45005e+02
 -1.44974e+02
 -1.44943e+02
 -1.44911e+02
 -1.44880e+02
 -1.44849e+02
 -1.44818e+02
 -1.44787e+02
 -1.44756e+02
 -1.44724e+02
 -1.44693e+02
 -1.44662e+02
 -1.44631e+02
 -1.44600e+02
 -1.44568e+02
 -1.44537e+02
 -1.44506e+02
 -1.44475e+02
 -1.44444e+02
 -1.44412e+02
 -1.44381e+02
 -1.44350e+02
 -1.44319e+02
 -1.44288e+02
 -1.44256e+02
 -1.44225e+02
 -1.44194e+02
 -1.44163e+02
 -1.44132e+02
 -1.44100e+02
 -1.44069e+02
 -1.44038e+02
 -1.44007e+02
 -1.43976e+02
 -1.43944e+02
 -1.43913e+02
 -1.43882e+02
 -1.43851e+02
 -1.43820e+02
 -1.43788e+02
 -1.43757e+02
 -1.43726e+02
 -1.43695e+02
 -1.43664e+02
 -1.43632e+02
 -1.43601e+02
 -1.43570e+02
 -1.43539e+02
 -1.43508e+02
 -1.43476e+02
 -1.43445e+02
 -1.43414e+02
 -1.43383e+02
 -1.43352e+02
 -1.43320e+02
 -1.43289e+02
 -1.43258e+02
 -1.43227e+02
 -1.43195e+02
 -1.43164e+02
 -1.43133e+02
 -1.43102e+02
 -1.43071e+02
 -1.43039e+02
 -1.43008e+02
 -1.42977e+02
 -1.42946e+02
 -1.42915e+02
 -1.42883e+02
 -1.42852e+02
 -1.42821e+02
 -1.42790e+02
 -1.42758e+02
 -1.42727e+02
 -1.42696e+02
 -1.42665e+02
 -1.42634e+02
 -1.42602e+02
 -1.42571e+02
 -1.42540e+02
 -1.42509e+02
 -1.42478e+02
 -1.42446e+02
 -1.42415e+02
 -1.42384e+02
 -1.42353e+02
 -1.42322e+02
 -1.42290e+02
 -1.42259e+02
 -1.42228e+02
 -1.42197e+02
 -1.42165e+02
 -1.42134e+02
 -1.42103e+02
 -1.42072e+02
 -1.42041e+02
 -1.42009e+02
 -1.41978e+02
 -1.41947e+02
 -1.41916e+02
 -1.41885e+02
 -1.41853e+02
 -1.41822e+02
 -1.41791e+02
 -1.41760e+02
 -1.41729e+02
 -1.41697e+02
 -1.41666e+02
 -1.41635e+02
 -1.41604e+02
 -1.41573e+02
 -1.41541e+02
 -1.41510e+02
 -1.41479e+02
 -1.41448e+02
 -1.41417e+02
 -1.41385e+02
 -1.41354e+02
 -1.41323e+02
 -1.41292e+02
 -1.41261e+02
 -1.41229e+02
 -1.41198e+02
 -1.41167e+02
 -1.41136e+02
 -1.41105e+02
 -1.41073e+02
 -1.41042e+02
 -1.41011e+02
 -1.40980e+02
 -1.40949e+02
 -1.40918e+02
 -1.40886e+02
 -1.40855e+02
 -1.40824e+02
 -1.40793e+02
 -1.40762e+02
 -1.40731e+02
 -1.40699e+02
 -1.40668e+02
 -1.40637e+02
 -1.40606e+02
 -1.40575e+02
 -1.40543e+02
 -1.40512e+02
 -1.40481e+02
 -1.40450e+02
 -1.40419e+02
 -1.40388e+02
 -1.40356e+02
 -1.40325e+02
 -1.40294e+02
 -1.40263e+02
 -1.40232e+02
 -1.40201e+02
 -1.40170e+02
 -1.40138e+02
 -1.40107e+02
 -1.40076e+02
 -1.40045e+02
 -1.40014e+02
 -1.39983e+02
 -1.39952e+02
 -1.39920e+02
 -1.39889e+02
 -1.39858e+02
 -1.39827e+02
 -1.39796e+02
 -1.39765e+02
 -1.39734e+02
 -1.39702e+02
 -1.39671e+02
 -1.39640e+02
 -1.39609e+02
 -1.39578e+02
 -1.39547e+02
 -1.39516e+02
 -1.39485e+02
 -1.39453e+02
 -1.39422e+02
 -1.39391e+02
 -1.39360e+02
 -1.39329e+02
 -1.39298e+02
 -1.39267e+02
 -1.39236e+02
 -1.39205e+02
 -1.39173e+02
 -1.39142e+02
 -1.39111e+02
 -1.39080e+02
 -1.39049e+02
 -1.39018e+02
 -1.38987e+02
 -1.38956e+02
 -1.38925e+02
 -1.38894e+02
 -1.38863e+02
 -1.38832e+02
 -1.38800e+02
 -1.38769e+02
 -1.38738e+02
 -1.38707e+02
 -1.38676e+02
 -1.38645e+02
 -1.38614e+02
 -1.38583e+02
 -1.38552e+02
 -1.38521e+02
 -1.38490e+02
 -1.38459e+02
 -1.38428e+02
 -1.38397e+02
 -1.38366e+02
 -1.38335e+02
 -1.38304e+02
 -1.38272e+02
 -1.38241e+02
 -1.38210e+02
 -1.38179e+02
 -1.38148e+02
 -1.38117e+02
 -1.38086e+02
 -1.38055e+02
 -1.38024e+02
 -1.37993e+02
 -1.37962e+02
 -1.37931e+02
 -1.37900e+02
 -1.37869e+02
 -1.37838e+02
 -1.37807e+02
 -1.37776e+02
 -1.37745e+02
 -1.37714e+02
 -1.37683e+02
 -1.37652e+02
 -1.37621e+02
 -1.37590e+02
 -1.37559e+02
 -1.37528e+02
 -1.37497e+02
 -1.37466e+02
 -1.37435e+02
 -1.37404e+02
 -1.37374e+02
 -1.37343e+02
 -1.37312e+02
 -1.37281e+02
 -1.37250e+02
 -1.37219e+02
 -1.37188e+02
 -1.37157e+02
 -1.37126e+02
 -1.37095e+02
 -1.37064e+02
 -1.37033e+02
 -1.37002e+02
 -1.36971e+02
 -1.36940e+02
 -1.36909e+02
 -1.36879e+02
 -1.36848e+02
 -1.36817e+02
 -1.36786e+02
 -1.36755e+02
 -1.36724e+02
 -1.36693e+02
 -1.36662e+02
 -1.36631e+02
 -1.36600e+02
 -1.36570e+02
 -1.36539e+02
 -1.36508e+02
 -1.36477e+02
 -1.36446e+02
 -1.36415e+02
 -1.36384e+02
 -1.36354e+02
 -1.36323e+02
 -1.36292e+02
 -1.36261e+02
 -1.36230e+02
 -1.36199e+02
 -1.36168e+02
 -1.36138e+02
 -1.36107e+02
 -1.36076e+02
 -1.36045e+02
 -1.36014e+02
 -1.35983e+02
 -1.35953e+02
 -1.35922e+02
 -1.35891e+02
 -1.35860e+02
 -1.35829e+02
 -1.35799e+02
 -1.35768e+02
 -1.35737e+02
 -1.35706e+02
 -1.35676e+02
 -1.35645e+02
 -1.35614e+02
 -1.35583e+02
 -1.35552e+02
 -1.35522e+02
 -1.35491e+02
 -1.35460e+02
 -1.35429e+02
 -1.35399e+02
 -1.35368e+02
 -1.35337e+02
 -1.35306e+02
 -1.35276e+02
 -1.35245e+02
 -1.35214e+02
 -1.35184e+02
 -1.35153e+02
 -1.35122e+02
 -1.35091e+02
 -1.35061e+02
 -1.35030e+02
 -1.34999e+02
 -1.34969e+02
 -1.34938e+02
 -1.34907e+02
 -1.34877e+02
 -1.34846e+02
 -1.34815e+02
 -1.34785e+02
 -1.34754e+02
 -1.34723e+02
 -1.34693e+02
 -1.34662e+02
 -1.34631e+02
 -1.34601e+02
 -1.34570e+02
 -1.34539e+02
 -1.34509e+02
 -1.34478e+02
 -1.34448e+02
 -1.34417e+02
 -1.34386e+02
 -1.34356e+02
 -1.34325e+02
 -1.34295e+02
 -1.34264e+02
 -1.34233e+02
 -1.34203e+02
 -1.34172e+02
 -1.34142e+02
 -1.34111e+02
 -1.34081e+02
 -1.34050e+02
 -1.34019e+02
 -1.33989e+02
 -1.33958e+02
 -1.33928e+02
 -1.33897e+02
 -1.33867e+02
 -1.33836e+02
 -1.33806e+02
 -1.33775e+02
 -1.33745e+02
 -1.33714e+02
 -1.33684e+02
 -1.33653e+02
 -1.33623e+02
 -1.33592e+02
 -1.33562e+02
 -1.33531e+02
 -1.33501e+02
 -1.33470e+02
 -1.33440e+02
 -1.33409e+02
 -1.33379e+02
 -1.33349e+02
 -1.33318e+02
 -1.33288e+02
 -1.33257e+02
 -1.33227e+02
 -1.33196e+02
 -1.33166e+02
 -1.33136e+02
 -1.33105e+02
 -1.33075e+02
 -1.33044e+02
 -1.33014e+02
 -1.32984e+02
 -1.32953e+02
 -1.32923e+02
 -1.32892e+02
 -1.32862e+02
 -1.32832e+02
 -1.32801e+02
 -1.32771e+02
 -1.32741e+02
 -1.32710e+02
 -1.32680e+02
 -1.32650e+02
 -1.32619e+02
 -1.32589e+02
 -1.32559e+02
 -1.32528e+02
 -1.32498e+02
 -1.32468e+02
 -1.32437e+02
 -1.32407e+02
 -1.32377e+02
 -1.32347e+02
 -1.32316e+02
 -1.32286e+02
 -1.32256e+02
 -1.32226e+02
 -1.32195e+02
 -1.32165e+02
 -1.32135e+02
 -1.32105e+02
 -1.32074e+02
 -1.32044e+02
 -1.32014e+02
 -1.31984e+02
 -1.31954e+02
 -1.31923e+02
 -1.31893e+02
 -1.31863e+02
 -1.31833e+02
 -1.31803e+02
 -1.31772e+02
 -1.31742e+02
 -1.31712e+02
 -1.31682e+02
 -1.31652e+02
 -1.31622e+02
 -1.31592e+02
 -1.31561e+02
 -1.31531e+02
 -1.31501e+02
 -1.31471e+02
 -1.31441e+02
 -1.31411e+02
 -1.31381e+02
 -1.31351e+02
 -1.31321e+02
 -1.31291e+02
 -1.31261e+02
 -1.31231e+02
 -1.31200e+02
 -1.31170e+02
 -1.31140e+02
 -1.31110e+02
 -1.31080e+02
 -1.31050e+02
 -1.31020e+02
 -1.30990e+02
 -1.30960e+02
 -1.30930e+02
 -1.30900e+02
 -1.30870e+02
 -1.30840e+02
 -1.30810e+02
 -1.30780e+02
 -1.30750e+02
 -1.30720e+02
 -1.30690e+02
 -1.30661e+02
 -1.30631e+02
 -1.30601e+02
 -1.30571e+02
 -1.30541e+02
 -1.30511e+02
 -1.30481e+02
 -1.30451e+02
 -1.30421e+02
 -1.30391e+02
 -1.30361e+02
 -1.30332e+02
 -1.30302e+02
 -1.30272e+02
 -1.30242e+02
 -1.30212e+02
 -1.30182e+02
 -1.30153e+02
 -1.30123e+02
 -1.30093e+02
 -1.30063e+02
 -1.30033e+02
 -1.30003e+02
 -1.29974e+02
 -1.29944e+02
 -1.29914e+02
 -1.29884e+02
 -1.29855e+02
 -1.29825e+02
 -1.29795e+02
 -1.29765e+02
 -1.29736e+02
 -1.29706e+02
 -1.29676e+02
 -1.29646e+02
 -1.29617e+02
 -1.29587e+02
 -1.29557e+02
 -1.29528e+02
 -1.29498e+02
 -1.29468e+02
 -1.29439e+02
 -1.29409e+02
 -1.29379e+02
 -1.29350e+02
 -1.29320e+02
 -1.29290e+02
 -1.29261e+02
 -1.29231e+02
 -1.29202e+02
 -1.29172e+02
 -1.29142e+02
 -1.29113e+02
 -1.29083e+02
 -1.29054e+02
 -1.29024e+02
 -1.28994e+02
 -1.28965e+02
 -1.28935e+02
 -1.28906e+02
 -1.28876e+02
 -1.28847e+02
 -1.28817e+02
 -1.28788e+02
 -1.28758e+02
 -1.28729e+02
 -1.28699e+02
 -1.28670e+02
 -1.28640e+02
 -1.28611e+02
 -1.28581e+02
 -1.28552e+02
 -1.28523e+02
 -1.28493e+02
 -1.28464e+02
 -1.28434e+02
 -1.28405e+02
 -1.28375e+02
 -1.28346e+02
 -1.28317e+02
 -1.28287e+02
 -1.28258e+02
 -1.28229e+02
 -1.28199e+02
 -1.28170e+02
 -1.28140e+02
 -1.28111e+02
 -1.28082e+02
 -1.28052e+02
 -1.28023e+02
 -1.27994e+02
 -1.27965e+02
 -1.27935e+02
 -1.27906e+02
 -1.27877e+02
 -1.27847e+02
 -1.27818e+02
 -1.27789e+02
 -1.27760e+02
 -1.27730e+02
 -1.27701e+02
 -1.27672e+02
 -1.27643e+02
 -1.27614e+02
 -1.27584e+02
 -1.27555e+02
 -1.27526e+02
 -1.27497e+02
 -1.27468e+02
 -1.27439e+02
 -1.27409e+02
 -1.27380e+02
 -1.27351e+02
 -1.27322e+02
 -1.27293e+02
 -1.27264e+02
 -1.27235e+02
 -1.27206e+02
 -1.27177e+02
 -1.27147e+02
 -1.27118e+02
 -1.27089e+02
 -1.27060e+02
 -1.27031e+02
 -1.27002e+02
 -1.26973e+02
 -1.26944e+02
 -1.26915e+02
 -1.26886e+02
 -1.26857e+02
 -1.26828e+02
 -1.26799e+02
 -1.26770e+02
 -1.26741e+02
 -1.26712e+02
 -1.26683e+02
 -1.26655e+02
 -1.26626e+02
 -1.26597e+02
 -1.26568e+02
 -1.26539e+02
 -1.26510e+02
 -1.26481e+02
 -1.26452e+02
 -1.26423e+02
 -1.26395e+02
 -1.26366e+02
 -1.26337e+02
 -1.26308e+02
 -1.26279e+02
 -1.26250e+02
 -1.26222e+02
 -1.26193e+02
 -1.26164e+02
 -1.26135e+02
 -1.26106e+02
 -1.26078e+02
 -1.26049e+02
 -1.26020e+02
 -1.25991e+02
 -1.25963e+02
 -1.25934e+02
 -1.25905e+02
 -1.25877e+02
 -1.25848e+02
 -1.25819e+02
 -1.25791e+02
 -1.25762e+02
 -1.25733e+02
 -1.25705e+02
 -1.25676e+02
 -1.25647e+02
 -1.25619e+02
 -1.25590e+02
 -1.25562e+02
 -1.25533e+02
 -1.25504e+02
 -1.25476e+02
 -1.25447e+02
 -1.25419e+02
 -1.25390e+02
 -1.25362e+02
 -1.25333e+02
 -1.25305e+02
 -1.25276e+02
 -1.25248e+02
 -1.25219e+02
 -1.25191e+02
 -1.25162e+02
 -1.25134e+02
 -1.25105e+02
 -1.25077e+02
 -1.25048e+02
 -1.25020e+02
 -1.24991e+02
 -1.24963e+02
 -1.24935e+02
 -1.24906e+02
 -1.24878e+02
 -1.24850e+02
 -1.24821e+02
 -1.24793e+02
 -1.24765e+02
 -1.24736e+02
 -1.24708e+02
 -1.24680e+02
 -1.24651e+02
 -1.24623e+02
 -1.24595e+02
 -1.24566e+02
 -1.24538e+02
 -1.24510e+02
 -1.24482e+02
 -1.24453e+02
 -1.24425e+02
 -1.24397e+02
 -1.24369e+02
 -1.24341e+02
 -1.24312e+02
 -1.24284e+02
 -1.24256e+02
 -1.24228e+02
 -1.24200e+02
 -1.24172e+02
 -1.24143e+02
 -1.24115e+02
 -1.24087e+02
 -1.24059e+02
 -1.24031e+02
 -1.24003e+02
 -1.23975e+02
 -1.23947e+02
 -1.23919e+02
 -1.23891e+02
 -1.23863e+02
 -1.23835e+02
 -1.23807e+02
 -1.23779e+02
 -1.23751e+02
 -1.23723e+02
 -1.23695e+02
 -1.23667e+02
 -1.23639e+02
 -1.23611e+02
 -1.23583e+02
 -1.23555e+02
 -1.23527e+02
 -1.23499e+02
 -1.23471e+02
 -1.23443e+02
 -1.23415e+02
 -1.23388e+02
 -1.23360e+02
 -1.23332e+02
 -1.23304e+02
 -1.23276e+02
 -1.23248e+02
 -1.23221e+02
 -1.23193e+02
 -1.23165e+02
 -1.23137e+02
 -1.23110e+02
 -1.23082e+02
 -1.23054e+02
 -1.23026e+02
 -1.22999e+02
 -1.22971e+02
 -1.22943e+02
 -1.22916e+02
 -1.22888e+02
 -1.22860e+02
 -1.22832e+02
 -1.22805e+02
 -1.22777e+02
 -1.22750e+02
 -1.22722e+02
 -1.22694e+02
 -1.22667e+02
 -1.22639e+02
 -1.22612e+02
 -1.22584e+02
 -1.22556e+02
 -1.22529e+02
 -1.22501e+02
 -1.22474e+02
 -1.22446e+02
 -1.22419e+02
 -1.22391e+02
 -1.22364e+02
 -1.22336e+02
 -1.22309e+02
 -1.22282e+02
 -1.22254e+02
 -1.22227e+02
 -1.22199e+02
 -1.22172e+02
 -1.22144e+02
 -1.22117e+02
 -1.22090e+02
 -1.22062e+02
 -1.22035e+02
 -1.22008e+02
 -1.21980e+02
 -1.21953e+02
 -1.21926e+02
 -1.21898e+02
 -1.21871e+02
 -1.21844e+02
 -1.21817e+02
 -1.21789e+02
 -1.21762e+02
 -1.21735e+02
 -1.21708e+02
 -1.21680e+02
 -1.21653e+02
 -1.21626e+02
 -1.21599e+02
 -1.21572e+02
 -1.21545e+02
 -1.21517e+02
 -1.21490e+02
 -1.21463e+02
 -1.21436e+02
 -1.21409e+02
 -1.21382e+02
 -1.21355e+02
 -1.21328e+02
 -1.21301e+02
 -1.21274e+02
 -1.21247e+02
 -1.21220e+02
 -1.21193e+02
 -1.21166e+02
 -1.21139e+02
 -1.21112e+02
 -1.21085e+02
 -1.21058e+02
 -1.21031e+02
 -1.21004e+02
 -1.20977e+02
 -1.20950e+02
 -1.20923e+02
 -1.20896e+02
 -1.20869e+02
 -1.20842e+02
 -1.20816e+02
 -1.20789e+02
 -1.20762e+02
 -1.20735e+02
 -1.20708e+02
 -1.20681e+02
 -1.20655e+02
 -1.20628e+02
 -1.20601e+02
 -1.20574e+02
 -1.20548e+02
 -1.20521e+02
 -1.20494e+02
 -1.20467e+02
 -1.20441e+02
 -1.20414e+02
 -1.20387e+02
 -1.20361e+02
 -1.20334e+02
 -1.20307e+02
 -1.20281e+02
 -1.20254e+02
 -1.20228e+02
 -1.20201e+02
 -1.20174e+02
 -1.20148e+02
 -1.20121e+02
 -1.20095e+02
 -1.20068e+02
 -1.20042e+02
 -1.20015e+02
 -1.19989e+02
 -1.19962e+02
 -1.19936e+02
 -1.19909e+02
 -1.19883e+02
 -1.19856e+02
 -1.19830e+02
 -1.19804e+02
 -1.19777e+02
 -1.19751e+02
 -1.19724e+02
 -1.19698e+02
 -1.19672e+02
 -1.19645e+02
 -1.19619e+02
 -1.19593e+02
 -1.19566e+02
 -1.19540e+02
 -1.19514e+02
 -1.19488e+02
 -1.19461e+02
 -1.19435e+02
 -1.19409e+02
 -1.19383e+02
 -1.19356e+02
 -1.19330e+02
 -1.19304e+02
 -1.19278e+02
 -1.19252e+02
 -1.19226e+02
 -1.19199e+02
 -1.19173e+02
 -1.19147e+02
 -1.19121e+02
 -1.19095e+02
 -1.19069e+02
 -1.19043e+02
 -1.19017e+02
 -1.18991e+02
 -1.18965e+02
 -1.18939e+02
 -1.18913e+02
 -1.18887e+02
 -1.18861e+02
 -1.18835e+02
 -1.18809e+02
 -1.18783e+02
 -1.18757e+02
 -1.18731e+02
 -1.18705e+02
 -1.18679e+02
 -1.18653e+02
 -1.18628e+02
 -1.18602e+02
 -1.18576e+02
 -1.18550e+02
 -1.18524e+02
 -1.18498e+02
 -1.18473e+02
 -1.18447e+02
 -1.18421e+02
 -1.18395e+02
 -1.18370e+02
 -1.18344e+02
 -1.18318e+02
 -1.18292e+02
 -1.18267e+02
 -1.18241e+02
 -1.18215e+02
 -1.18190e+02
 -1.18164e+02
 -1.18138e+02
 -1.18113e+02
 -1.18087e+02
 -1.18062e+02
 -1.18036e+02
 -1.18010e+02
 -1.17985e+02
 -1.17959e+02
 -1.17934e+02
 -1.17908e+02
 -1.17883e+02
 -1.17857e+02
 -1.17832e+02
 -1.17806e+02
 -1.17781e+02
 -1.17756e+02
 -1.17730e+02
 -1.17705e+02
 -1.17679e+02
 -1.17654e+02
 -1.17629e+02
 -1.17603e+02
 -1.17578e+02
 -1.17552e+02
 -1.17527e+02
 -1.17502e+02
 -1.17477e+02
 -1.17451e+02
 -1.17426e+02
 -1.17401e+02
 -1.17375e+02
 -1.17350e+02
 -1.17325e+02
 -1.17300e+02
 -1.17275e+02
 -1.17249e+02
 -1.17224e+02
 -1.17199e+02
 -1.17174e+02
 -1.17149e+02
 -1.17124e+02
 -1.17099e+02
 -1.17074e+02
 -1.17048e+02
 -1.17023e+02
 -1.16998e+02
 -1.16973e+02
 -1.16948e+02
 -1.16923e+02
 -1.16898e+02
 -1.16873e+02
 -1.16848e+02
 -1.16823e+02
 -1.16798e+02
 -1.16773e+02
 -1.16749e+02
 -1.16724e+02
 -1.16699e+02
 -1.16674e+02
 -1.16649e+02
 -1.16624e+02
 -1.16599e+02
 -1.16575e+02
 -1.16550e+02
 -1.16525e+02
 -1.16500e+02
 -1.16475e+02
 -1.16451e+02
 -1.16426e+02
 -1.16401e+02
 -1.16376e+02
 -1.16352e+02
 -1.16327e+02
 -1.16302e+02
 -1.16278e+02
 -1.16253e+02
 -1.16228e+02
 -1.16204e+02
 -1.16179e+02
 -1.16155e+02
 -1.16130e+02
 -1.16105e+02
 -1.16081e+02
 -1.16056e+02
 -1.16032e+02
 -1.16007e+02
 -1.15983e+02
 -1.15958e+02
 -1.15934e+02
 -1.15909e+02
 -1.15885e+02
 -1.15860e+02
 -1.15836e+02
 -1.15812e+02
 -1.15787e+02
 -1.15763e+02
 -1.15738e+02
 -1.15714e+02
 -1.15690e+02
 -1.15665e+02
 -1.15641e+02
 -1.15617e+02
 -1.15593e+02
 -1.15568e+02
 -1.15544e+02
 -1.15520e+02
 -1.15496e+02
 -1.15471e+02
 -1.15447e+02
 -1.15423e+02
 -1.15399e+02
 -1.15375e+02
 -1.15350e+02
 -1.15326e+02
 -1.15302e+02
 -1.15278e+02
 -1.15254e+02
 -1.15230e+02
 -1.15206e+02
 -1.15182e+02
 -1.15158e+02
 -1.15134e+02
 -1.15110e+02
 -1.15086e+02
 -1.15062e+02
 -1.15038e+02
 -1.15014e+02
 -1.14990e+02
 -1.14966e+02
 -1.14942e+02
 -1.14918e+02
 -1.14894e+02
 -1.14871e+02
 -1.14847e+02
 -1.14823e+02
 -1.14799e+02
 -1.14775e+02
 -1.14751e+02
 -1.14728e+02
 -1.14704e+02
 -1.14680e+02
 -1.14656e+02
 -1.14633e+02
 -1.14609e+02
 -1.14585e+02
 -1.14562e+02
 -1.14538e+02
 -1.14514e+02
 -1.14491e+02
 -1.14467e+02
 -1.14443e+02
 -1.14420e+02
 -1.14396e+02
 -1.14373e+02
 -1.14349e+02
 -1.14325e+02
 -1.14302e+02
 -1.14278e+02
 -1.14255e+02
 -1.14231e+02
 -1.14208e+02
 -1.14185e+02
 -1.14161e+02
 -1.14138e+02
 -1.14114e+02
 -1.14091e+02
 -1.14067e+02
 -1.14044e+02
 -1.14021e+02
 -1.13997e+02
 -1.13974e+02
 -1.13951e+02
 -1.13927e+02
 -1.13904e+02
 -1.13881e+02
 -1.13858e+02
 -1.13834e+02
 -1.13811e+02
 -1.13788e+02
 -1.13765e+02
 -1.13742e+02
 -1.13718e+02
 -1.13695e+02
 -1.13672e+02
 -1.13649e+02
 -1.13626e+02
 -1.13603e+02
 -1.13580e+02
 -1.13557e+02
 -1.13534e+02
 -1.13511e+02
 -1.13488e+02
 -1.13465e+02
 -1.13442e+02
 -1.13419e+02
 -1.13396e+02
 -1.13373e+02
 -1.13350e+02
 -1.13327e+02
 -1.13304e+02
 -1.13281e+02
 -1.13258e+02
 -1.13235e+02
 -1.13213e+02
 -1.13190e+02
 -1.13167e+02
 -1.13144e+02
 -1.13121e+02
 -1.13099e+02
 -1.13076e+02
 -1.13053e+02
 -1.13030e+02
 -1.13008e+02
 -1.12985e+02
 -1.12962e+02
 -1.12940e+02
 -1.12917e+02
 -1.12894e+02
 -1.12872e+02
 -1.12849e+02
 -1.12826e+02
 -1.12804e+02
 -1.12781e+02
 -1.12759e+02
 -1.12736e+02
 -1.12714e+02
 -1.12691e+02
 -1.12669e+02
 -1.12646e+02
 -1.12624e+02
 -1.12601e+02
 -1.12579e+02
 -1.12557e+02
 -1.12534e+02
 -1.12512e+02
 -1.12489e+02
 -1.12467e+02
 -1.12445e+02
 -1.12422e+02
 -1.12400e+02
 -1.12378e+02
 -1.12356e+02
 -1.12333e+02
 -1.12311e+02
 -1.12289e+02
 -1.12267e+02
 -1.12244e+02
 -1.12222e+02
 -1.12200e+02
 -1.12178e+02
 -1.12156e+02
 -1.12134e+02
 -1.12111e+02
 -1.12089e+02
 -1.12067e+02
 -1.12045e+02
 -1.12023e+02
 -1.12001e+02
 -1.11979e+02
 -1.11957e+02
 -1.11935e+02
 -1.11913e+02
 -1.11891e+02
 -1.11869e+02
 -1.11847e+02
 -1.11825e+02
 -1.11804e+02
 -1.11782e+02
 -1.11760e+02
 -1.11738e+02
 -1.11716e+02
 -1.11694e+02
 -1.11672e+02
 -1.11651e+02
 -1.11629e+02
 -1.11607e+02
 -1.11585e+02
 -1.11564e+02
 -1.11542e+02
 -1.11520e+02
 -1.11499e+02
 -1.11477e+02
 -1.11455e+02
 -1.11434e+02
 -1.11412e+02
 -1.11390e+02
 -1.11369e+02
 -1.11347e+02
 -1.11326e+02
 -1.11304e+02
 -1.11283e+02
 -1.11261e+02
 -1.11240e+02
 -1.11218e+02
 -1.11197e+02
 -1.11175e+02
 -1.11154e+02
 -1.11132e+02
 -1.11111e+02
 -1.11090e+02
 -1.11068e+02
 -1.11047e+02
 -1.11025e+02
 -1.11004e+02
 -1.10983e+02
 -1.10962e+02
 -1.10940e+02
 -1.10919e+02
 -1.10898e+02
 -1.10877e+02
 -1.10855e+02
 -1.10834e+02
 -1.10813e+02
 -1.10792e+02
 -1.10771e+02
 -1.10749e+02
 -1.10728e+02
 -1.10707e+02
 -1.10686e+02
 -1.10665e+02
 -1.10644e+02
 -1.10623e+02
 -1.10602e+02
 -1.10581e+02
 -1.10560e+02
 -1.10539e+02
 -1.10518e+02
 -1.10497e+02
 -1.10476e+02
 -1.10455e+02
 -1.10434e+02
 -1.10413e+02
 -1.10393e+02
 -1.10372e+02
 -1.10351e+02
 -1.10330e+02
 -1.10309e+02
 -1.10288e+02
 -1.10268e+02
 -1.10247e+02
 -1.10226e+02
 -1.10205e+02
 -1.10185e+02
 -1.10164e+02
 -1.10143e+02
 -1.10123e+02
 -1.10102e+02
 -1.10081e+02
 -1.10061e+02
 -1.10040e+02
 -1.10020e+02
 -1.09999e+02
 -1.09978e+02
 -1.09958e+02
 -1.09937e+02
 -1.09917e+02
 -1.09896e+02
 -1.09876e+02
 -1.09855e+02
 -1.09835e+02
 -1.09815e+02
 -1.09794e+02
 -1.09774e+02
 -1.09753e+02
 -1.09733e+02
 -1.09713e+02
 -1.09692e+02
 -1.09672e+02
 -1.09652e+02
 -1.09631e+02
 -1.09611e+02
 -1.09591e+02
 -1.09571e+02
 -1.09551e+02
 -1.09530e+02
 -1.09510e+02
 -1.09490e+02
 -1.09470e+02
 -1.09450e+02
 -1.09430e+02
 -1.09409e+02
 -1.09389e+02
 -1.09369e+02
 -1.09349e+02
 -1.09329e+02
 -1.09309e+02
 -1.09289e+02
 -1.09269e+02
 -1.09249e+02
 -1.09229e+02
 -1.09209e+02
 -1.09189e+02
 -1.09169e+02
 -1.09150e+02
 -1.09130e+02
 -1.09110e+02
 -1.09090e+02
 -1.09070e+02
 -1.09050e+02
 -1.09031e+02
 -1.09011e+02
 -1.08991e+02
 -1.08971e+02
 -1.08952e+02
 -1.08932e+02
 -1.08912e+02
 -1.08892e+02
 -1.08873e+02
 -1.08853e+02
 -1.08834e+02
 -1.08814e+02
 -1.08794e+02
 -1.08775e+02
 -1.08755e+02
 -1.08736e+02
 -1.08716e+02
 -1.08697e+02
 -1.08677e+02
 -1.08658e+02
 -1.08638e+02
 -1.08619e+02
 -1.08599e+02
 -1.08580e+02
 -1.08560e+02
 -1.08541e+02
 -1.08522e+02
 -1.08502e+02
 -1.08483e+02
 -1.08464e+02
 -1.08444e+02
 -1.08425e+02
 -1.08406e+02
 -1.08386e+02
 -1.08367e+02
 -1.08348e+02
 -1.08329e+02
 -1.08310e+02
 -1.08290e+02
 -1.08271e+02
 -1.08252e+02
 -1.08233e+02
 -1.08214e+02
 -1.08195e+02
 -1.08176e+02
 -1.08157e+02
 -1.08138e+02
 -1.08119e+02
 -1.08100e+02
 -1.08081e+02
 -1.08062e+02
 -1.08043e+02
 -1.08024e+02
 -1.08005e+02
 -1.07986e+02
 -1.07967e+02
 -1.07948e+02
 -1.07929e+02
 -1.07910e+02
 -1.07892e+02
 -1.07873e+02
 -1.07854e+02
 -1.07835e+02
 -1.07816e+02
 -1.07798e+02
 -1.07779e+02
 -1.07760e+02
 -1.07742e+02
 -1.07723e+02
 -1.07704e+02
 -1.07686e+02
 -1.07667e+02
 -1.07648e+02
 -1.07630e+02
 -1.07611e+02
 -1.07593e+02
 -1.07574e+02
 -1.07556e+02
 -1.07537e+02
 -1.07519e+02
 -1.07500e+02
 -1.07482e+02
 -1.07463e+02
 -1.07445e+02
 -1.07426e+02
 -1.07408e+02
 -1.07390e+02
 -1.07371e+02
 -1.07353e+02
 -1.07335e+02
 -1.07316e+02
 -1.07298e+02
 -1.07280e+02
 -1.07261e+02
 -1.07243e+02
 -1.07225e+02
 -1.07207e+02
 -1.07189e+02
 -1.07170e+02
 -1.07152e+02
 -1.07134e+02
 -1.07116e+02
 -1.07098e+02
 -1.07080e+02
 -1.07062e+02
 -1.07044e+02
 -1.07026e+02
 -1.07008e+02
 -1.06990e+02
 -1.06972e+02
 -1.06954e+02
 -1.06936e+02
 -1.06918e+02
 -1.06900e+02
 -1.06882e+02
 -1.06864e+02
 -1.06846e+02
 -1.06828e+02
 -1.06810e+02
 -1.06793e+02
 -1.06775e+02
 -1.06757e+02
 -1.06739e+02
 -1.06722e+02
 -1.06704e+02
 -1.06686e+02
 -1.06668e+02
 -1.06651e+02
 -1.06633e+02
 -1.06615e+02
 -1.06598e+02
 -1.06580e+02
 -1.06563e+02
 -1.06545e+02
 -1.06527e+02
 -1.06510e+02
 -1.06492e+02
 -1.06475e+02
 -1.06457e+02
 -1.06440e+02
 -1.06422e+02
 -1.06405e+02
 -1.06387e+02
 -1.06370e+02
 -1.06353e+02
 -1.06335e+02
 -1.06318e+02
 -1.06301e+02
 -1.06283e+02
 -1.06266e+02
 -1.06249e+02
 -1.06231e+02
 -1.06214e+02
 -1.06197e+02
 -1.06180e+02
 -1.06162e+02
 -1.06145e+02
 -1.06128e+02
 -1.06111e+02
 -1.06094e+02
 -1.06077e+02
 -1.06060e+02
 -1.06042e+02
 -1.06025e+02
 -1.06008e+02
 -1.05991e+02
 -1.05974e+02
 -1.05957e+02
 -1.05940e+02
 -1.05923e+02
 -1.05906e+02
 -1.05889e+02
 -1.05872e+02
 -1.05856e+02
 -1.05839e+02
 -1.05822e+02
 -1.05805e+02
 -1.05788e+02
 -1.05771e+02
 -1.05755e+02
 -1.05738e+02
 -1.05721e+02
 -1.05704e+02
 -1.05688e+02
 -1.05671e+02
 -1.05654e+02
 -1.05637e+02
 -1.05621e+02
 -1.05604e+02
 -1.05588e+02
 -1.05571e+02
 -1.05554e+02
 -1.05538e+02
 -1.05521e+02
 -1.05505e+02
 -1.05488e+02
 -1.05472e+02
 -1.05455e+02
 -1.05439e+02
 -1.05422e+02
 -1.05406e+02
 -1.05389e+02
 -1.05373e+02
 -1.05357e+02
 -1.05340e+02
 -1.05324e+02
 -1.05307e+02
 -1.05291e+02
 -1.05275e+02
 -1.05259e+02
 -1.05242e+02
 -1.05226e+02
 -1.05210e+02
 -1.05194e+02
 -1.05177e+02
 -1.05161e+02
 -1.05145e+02
 -1.05129e+02
 -1.05113e+02
 -1.05097e+02
 -1.05081e+02
 -1.05065e+02
 -1.05049e+02
 -1.05032e+02
 -1.05016e+02
 -1.05000e+02
 -1.04984e+02
 -1.04968e+02
 -1.04953e+02
 -1.04937e+02
 -1.04921e+02
 -1.04905e+02
 -1.04889e+02
 -1.04873e+02
 -1.04857e+02
 -1.04841e+02
 -1.04826e+02
 -1.04810e+02
 -1.04794e+02
 -1.04778e+02
 -1.04762e+02
 -1.04747e+02
 -1.04731e+02
 -1.04715e+02
 -1.04700e+02
 -1.04684e+02
 -1.04668e+02
 -1.04653e+02
 -1.04637e+02
 -1.04622e+02
 -1.04606e+02
 -1.04590e+02
 -1.04575e+02
 -1.04559e+02
 -1.04544e+02
 -1.04528e+02
 -1.04513e+02
 -1.04497e+02
 -1.04482e+02
 -1.04467e+02
 -1.04451e+02
 -1.04436e+02
 -1.04420e+02
 -1.04405e+02
 -1.04390e+02
 -1.04374e+02
 -1.04359e+02
 -1.04344e+02
 -1.04329e+02
 -1.04313e+02
 -1.04298e+02
 -1.04283e+02
 -1.04268e+02
 -1.04253e+02
 -1.04237e+02
 -1.04222e+02
 -1.04207e+02
 -1.04192e+02
 -1.04177e+02
 -1.04162e+02
 -1.04147e+02
 -1.04132e+02
 -1.04117e+02
 -1.04102e+02
 -1.04087e+02
 -1.04072e+02
 -1.04057e+02
 -1.04042e+02
 -1.04027e+02
 -1.04012e+02
 -1.03997e+02
 -1.03983e+02
 -1.03968e+02
 -1.03953e+02
 -1.03938e+02
 -1.03923e+02
 -1.03909e+02
 -1.03894e+02
 -1.03879e+02
 -1.03864e+02
 -1.03850e+02
 -1.03835e+02
 -1.03820e+02
 -1.03806e+02
 -1.03791e+02
 -1.03776e+02
 -1.03762e+02
 -1.03747e+02
 -1.03733e+02
 -1.03718e+02
 -1.03704e+02
 -1.03689e+02
 -1.03675e+02
 -1.03660e+02
 -1.03646e+02
 -1.03631e+02
 -1.03617e+02
 -1.03602e+02
 -1.03588e+02
 -1.03574e+02
 -1.03559e+02
 -1.03545e+02
 -1.03531e+02
 -1.03516e+02
 -1.03502e+02
 -1.03488e+02
 -1.03474e+02
 -1.03459e+02
 -1.03445e+02
 -1.03431e+02
 -1.03417e+02
 -1.03403e+02
 -1.03389e+02
 -1.03374e+02
 -1.03360e+02
 -1.03346e+02
 -1.03332e+02
 -1.03318e+02
 -1.03304e+02
 -1.03290e+02
 -1.03276e+02
 -1.03262e+02
 -1.03248e+02
 -1.03234e+02
 -1.03220e+02
 -1.03206e+02
 -1.03192e+02
 -1.03179e+02
 -1.03165e+02
 -1.03151e+02
 -1.03137e+02
 -1.03123e+02
 -1.03109e+02
 -1.03096e+02
 -1.03082e+02
 -1.03068e+02
 -1.03055e+02
 -1.03041e+02
 -1.03027e+02
 -1.03013e+02
 -1.03000e+02
 -1.02986e+02
 -1.02973e+02
 -1.02959e+02
 -1.02945e+02
 -1.02932e+02
 -1.02918e+02
 -1.02905e+02
 -1.02891e+02
 -1.02878e+02
 -1.02864e+02
 -1.02851e+02
 -1.02837e+02
 -1.02824e+02
 -1.02811e+02
 -1.02797e+02
 -1.02784e+02
 -1.02771e+02
 -1.02757e+02
 -1.02744e+02
 -1.02731e+02
 -1.02717e+02
 -1.02704e+02
 -1.02691e+02
 -1.02678e+02
 -1.02664e+02
 -1.02651e+02
 -1.02638e+02
 -1.02625e+02
 -1.02612e+02
 -1.02599e+02
 -1.02586e+02
 -1.02572e+02
 -1.02559e+02
 -1.02546e+02
 -1.02533e+02
 -1.02520e+02
 -1.02507e+02
 -1.02494e+02
 -1.02481e+02
 -1.02468e+02
 -1.02456e+02
 -1.02443e+02
 -1.02430e+02
 -1.02417e+02
 -1.02404e+02
 -1.02391e+02
 -1.02378e+02
 -1.02366e+02
 -1.02353e+02
 -1.02340e+02
 -1.02327e+02
 -1.02315e+02
 -1.02302e+02
 -1.02289e+02
 -1.02276e+02
 -1.02264e+02
 -1.02251e+02
 -1.02239e+02
 -1.02226e+02
 -1.02213e+02
 -1.02201e+02
 -1.02188e+02
 -1.02176e+02
 -1.02163e+02
 -1.02151e+02
 -1.02138e+02
 -1.02126e+02
 -1.02113e+02
 -1.02101e+02
 -1.02088e+02
 -1.02076e+02
 -1.02064e+02
 -1.02051e+02
 -1.02039e+02
 -1.02027e+02
 -1.02014e+02
 -1.02002e+02
 -1.01990e+02
 -1.01977e+02
 -1.01965e+02
 -1.01953e+02
 -1.01941e+02
 -1.01929e+02
 -1.01916e+02
 -1.01904e+02
 -1.01892e+02
 -1.01880e+02
 -1.01868e+02
 -1.01856e+02
 -1.01844e+02
 -1.01832e+02
 -1.01820e+02
 -1.01808e+02
 -1.01796e+02
 -1.01784e+02
 -1.01772e+02
 -1.01760e+02
 -1.01748e+02
 -1.01736e+02
 -1.01724e+02
 -1.01712e+02
 -1.01701e+02
 -1.01689e+02
 -1.01677e+02
 -1.01665e+02
 -1.01653e+02
 -1.01642e+02
 -1.01630e+02
 -1.01618e+02
 -1.01606e+02
 -1.01595e+02
 -1.01583e+02
 -1.01571e+02
 -1.01560e+02
 -1.01548e+02
 -1.01537e+02
 -1.01525e+02
 -1.01513e+02
 -1.01502e+02
 -1.01490e+02
 -1.01479e+02
 -1.01467e+02
 -1.01456e+02
 -1.01444e+02
 -1.01433e+02
 -1.01421e+02
 -1.01410e+02
 -1.01399e+02
 -1.01387e+02
 -1.01376e+02
 -1.01365e+02
 -1.01353e+02
 -1.01342e+02
 -1.01331e+02
 -1.01319e+02
 -1.01308e+02
 -1.01297e+02
 -1.01286e+02
 -1.01275e+02
 -1.01263e+02
 -1.01252e+02
 -1.01241e+02
 -1.01230e+02
 -1.01219e+02
 -1.01208e+02
 -1.01197e+02
 -1.01186e+02
 -1.01175e+02
 -1.01164e+02
 -1.01153e+02
 -1.01142e+02
 -1.01131e+02
 -1.01120e+02
 -1.01109e+02
 -1.01098e+02
 -1.01087e+02
 -1.01076e+02
 -1.01065e+02
 -1.01054e+02
 -1.01044e+02
 -1.01033e+02
 -1.01022e+02
 -1.01011e+02
 -1.01000e+02
 -1.00990e+02
 -1.00979e+02
 -1.00968e+02
 -1.00958e+02
 -1.00947e+02
 -1.00936e+02
 -1.00926e+02
 -1.00915e+02
 -1.00904e+02
 -1.00894e+02
 -1.00883e+02
 -1.00873e+02
 -1.00862e+02
 -1.00852e+02
 -1.00841e+02
 -1.00831e+02
 -1.00820e+02
 -1.00810e+02
 -1.00799e+02
 -1.00789e+02
 -1.00779e+02
 -1.00768e+02
 -1.00758e+02
 -1.00748e+02
 -1.00737e+02
 -1.00727e+02
 -1.00717e+02
 -1.00706e+02
 -1.00696e+02
 -1.00686e+02
 -1.00676e+02
 -1.00666e+02
 -1.00655e+02
 -1.00645e+02
 -1.00635e+02
 -1.00625e+02
 -1.00615e+02
 -1.00605e+02
 -1.00595e+02
 -1.00585e+02
 -1.00575e+02
 -1.00565e+02
 -1.00555e+02
 -1.00545e+02
 -1.00535e+02
 -1.00525e+02
 -1.00515e+02
 -1.00505e+02
 -1.00495e+02
 -1.00485e+02
 -1.00475e+02
 -1.00465e+02
 -1.00456e+02
 -1.00446e+02
 -1.00436e+02
 -1.00426e+02
 -1.00416e+02
 -1.00407e+02
 -1.00397e+02
 -1.00387e+02
 -1.00378e+02
 -1.00368e+02
 -1.00358e+02
 -1.00349e+02
 -1.00339e+02
 -1.00329e+02
 -1.00320e+02
 -1.00310e+02
 -1.00301e+02
 -1.00291e+02
 -1.00282e+02
 -1.00272e+02
 -1.00263e+02
 -1.00253e+02
 -1.00244e+02
 -1.00234e+02
 -1.00225e+02
 -1.00216e+02
 -1.00206e+02
 -1.00197e+02
 -1.00188e+02
 -1.00178e+02
 -1.00169e+02
 -1.00160e+02
 -1.00150e+02
 -1.00141e+02
 -1.00132e+02
 -1.00123e+02
 -1.00114e+02
 -1.00104e+02
 -1.00095e+02
 -1.00086e+02
 -1.00077e+02
 -1.00068e+02
 -1.00059e+02
 -1.00050e+02
 -1.00041e+02
 -1.00032e+02
 -1.00023e+02
 -1.00014e+02
 -1.00005e+02
 -9.99956e+01
 -9.99867e+01
 -9.99778e+01
 -9.99689e+01
 -9.99600e+01
 -9.99511e+01
 -9.99422e+01
 -9.99334e+01
 -9.99245e+01
 -9.99157e+01
 -9.99069e+01
 -9.98982e+01
 -9.98894e+01
 -9.98807e+01
 -9.98719e+01
 -9.98632e+01
 -9.98545e+01
 -9.98459e+01
 -9.98372e+01
 -9.98286e+01
 -9.98200e+01
 -9.98114e+01
 -9.98028e+01
 -9.97942e+01
 -9.97857e+01
 -9.97771e+01
 -9.97686e+01
 -9.97601e+01
 -9.97516e+01
 -9.97432e+01
 -9.97347e+01
 -9.97263e+01
 -9.97179e+01
 -9.97095e+01
 -9.97011e+01
 -9.96928e+01
 -9.96844e+01
 -9.96761e+01
 -9.96678e+01
 -9.96595e+01
 -9.96512e+01
 -9.96430e+01
 -9.96347e+01
 -9.96265e+01
 -9.96183e+01
 -9.96101e+01
 -9.96020e+01
 -9.95938e+01
 -9.95857e+01
 -9.95776e+01
 -9.95695e+01
 -9.95614e+01
 -9.95533e+01
 -9.95453e+01
 -9.95372e+01
 -9.95292e+01
 -9.95212e+01
 -9.95132e+01
 -9.95053e+01
 -9.94973e+01
 -9.94894e+01
 -9.94815e+01
 -9.94736e+01
 -9.94657e+01
 -9.94579e+01
 -9.94500e+01
 -9.94422e+01
 -9.94344e+01
 -9.94266e+01
 -9.94189e+01
 -9.94111e+01
 -9.94034e+01
 -9.93957e+01
 -9.93879e+01
 -9.93803e+01
 -9.93726e+01
 -9.93649e+01
 -9.93573e+01
 -9.93497e+01
 -9.93421e+01
 -9.93345e+01
 -9.93270e+01
 -9.93194e+01
 -9.93119e+01
 -9.93044e+01
 -9.92969e+01
 -9.92894e+01
 -9.92819e+01
 -9.92745e+01
 -9.92671e+01
 -9.92597e+01
 -9.92523e+01
 -9.92449e+01
 -9.92375e+01
 -9.92302e+01
 -9.92229e+01
 -9.92156e+01
 -9.92083e+01
 -9.92010e+01
 -9.91937e+01
 -9.91865e+01
 -9.91793e+01
 -9.91721e+01
 -9.91649e+01
 -9.91577e+01
 -9.91506e+01
 -9.91434e+01
 -9.91363e+01
 -9.91292e+01
 -9.91221e+01
 -9.91151e+01
 -9.91080e+01
 -9.91010e+01
 -9.90940e+01
 -9.90870e+01
 -9.90800e+01
 -9.90730e+01
 -9.90661e+01
 -9.90592e+01
 -9.90522e+01
 -9.90453e+01
 -9.90385e+01
 -9.90316e+01
 -9.90248e+01
 -9.90179e+01
 -9.90111e+01
 -9.90043e+01
 -9.89976e+01
 -9.89908e+01
 -9.89841e+01
 -9.89773e+01
 -9.89706e+01
 -9.89639e+01
 -9.89573e+01
 -9.89506e+01
 -9.89440e+01
 -9.89373e+01
 -9.89307e+01
 -9.89241e+01
 -9.89176e+01
 -9.89110e+01
 -9.89045e+01
 -9.88980e+01
 -9.88915e+01
 -9.88850e+01
 -9.88785e+01
 -9.88720e+01
 -9.88656e+01
 -9.88592e+01
 -9.88528e+01
 -9.88464e+01
 -9.88400e+01
 -9.88337e+01
 -9.88273e+01
 -9.88210e+01
 -9.88147e+01
 -9.88084e+01
 -9.88022e+01
 -9.87959e+01
 -9.87897e+01
 -9.87835e+01
 -9.87773e+01
 -9.87711e+01
 -9.87649e+01
 -9.87588e+01
 -9.87527e+01
 -9.87465e+01
 -9.87405e+01
 -9.87344e+01
 -9.87283e+01
 -9.87223e+01
 -9.87162e+01
 -9.87102e+01
 -9.87042e+01
 -9.86982e+01
 -9.86923e+01
 -9.86863e+01
 -9.86804e+01
 -9.86745e+01
 -9.86686e+01
 -9.86627e+01
 -9.86569e+01
 -9.86510e+01
 -9.86452e+01
 -9.86394e+01
 -9.86336e+01
 -9.86278e+01
 -9.86221e+01
 -9.86163e+01
 -9.86106e+01
 -9.86049e+01
 -9.85992e+01
 -9.85935e+01
 -9.85878e+01
 -9.85822e+01
 -9.85766e+01
 -9.85710e+01
 -9.85654e+01
 -9.85598e+01
 -9.85542e+01
 -9.85487e+01
 -9.85432e+01
 -9.85377e+01
 -9.85322e+01
 -9.85267e+01
 -9.85212e+01
 -9.85158e+01
 -9.85104e+01
 -9.85050e+01
 -9.84996e+01
 -9.84942e+01
 -9.84888e+01
 -9.84835e+01
 -9.84782e+01
 -9.84729e+01
 -9.84676e+01
 -9.84623e+01
 -9.84570e+01
 -9.84518e+01
 -9.84466e+01
 -9.84414e+01
 -9.84362e+01
 -9.84310e+01
 -9.84259e+01
 -9.84207e+01
 -9.84156e+01
 -9.84105e+01
 -9.84054e+01
 -9.84003e+01
 -9.83953e+01
 -9.83902e+01
 -9.83852e+01
 -9.83802e+01
 -9.83752e+01
 -9.83702e+01
 -9.83653e+01
 -9.83603e+01
 -9.83554e+01
 -9.83505e+01
 -9.83456e+01
 -9.83407e+01
 -9.83359e+01
 -9.83310e+01
 -9.83262e+01
 -9.83214e+01
 -9.83166e+01
 -9.83118e+01
 -9.83070e+01
 -9.83023e+01
 -9.82976e+01
 -9.82929e+01
 -9.82882e+01
 -9.82835e+01
 -9.82788e+01
 -9.82742e+01
 -9.82696e+01
 -9.82650e+01
 -9.82604e+01
 -9.82558e+01
 -9.82512e+01
 -9.82467e+01
 -9.82422e+01
 -9.82376e+01
 -9.82331e+01
 -9.82287e+01
 -9.82242e+01
 -9.82198e+01
 -9.82153e+01
 -9.82109e+01
 -9.82065e+01
 -9.82021e+01
 -9.81978e+01
 -9.81934e+01
 -9.81891e+01
 -9.81848e+01
 -9.81805e+01
 -9.81762e+01
 -9.81719e+01
 -9.81677e+01
 -9.81635e+01
 -9.81592e+01
 -9.81550e+01
 -9.81509e+01
 -9.81467e+01
 -9.81425e+01
 -9.81384e+01
 -9.81343e+01
 -9.81302e+01
 -9.81261e+01
 -9.81220e+01
 -9.81180e+01
 -9.81139e+01
 -9.81099e+01
 -9.81059e+01
 -9.81019e+01
 -9.80980e+01
 -9.80940e+01
 -9.80901e+01
 -9.80861e+01
 -9.80822e+01
 -9.80783e+01
 -9.80745e+01
 -9.80706e+01
 -9.80668e+01
 -9.80629e+01
 -9.80591e+01
 -9.80553e+01
 -9.80516e+01
 -9.80478e+01
 -9.80441e+01
 -9.80403e+01
 -9.80366e+01
 -9.80329e+01
 -9.80293e+01
 -9.80256e+01
 -9.80219e+01
 -9.80183e+01
 -9.80147e+01
 -9.80111e+01
 -9.80075e+01
 -9.80040e+01
 -9.80004e+01
 -9.79969e+01
 -9.79934e+01
 -9.79899e+01
 -9.79864e+01
 -9.79829e+01
 -9.79794e+01
 -9.79760e+01
 -9.79726e+01
 -9.79692e+01
 -9.79658e+01
 -9.79624e+01
 -9.79591e+01
 -9.79557e+01
 -9.79524e+01
 -9.79491e+01
 -9.79458e+01
 -9.79425e+01
 -9.79393e+01
 -9.79360e+01
 -9.79328e+01
 -9.79296e+01
 -9.79264e+01
 -9.79232e+01
 -9.79201e+01
 -9.79169e+01
 -9.79138e+01
 -9.79107e+01
 -9.79076e+01
 -9.79045e+01
 -9.79014e+01
 -9.78984e+01
 -9.78953e+01
 -9.78923e+01
 -9.78893e+01
 -9.78863e+01
 -9.78833e+01
 -9.78804e+01
 -9.78774e+01
 -9.78745e+01
 -9.78716e+01
 -9.78687e+01
 -9.78659e+01
 -9.78630e+01
 -9.78601e+01
 -9.78573e+01
 -9.78545e+01
 -9.78517e+01
 -9.78489e+01
 -9.78462e+01
 -9.78434e+01
 -9.78407e+01
 -9.78380e+01
 -9.78353e+01
 -9.78326e+01
 -9.78299e+01
 -9.78273e+01
 -9.78246e+01
 -9.78220e+01
 -9.78194e+01
 -9.78168e+01
 -9.78142e+01
 -9.78117e+01
 -9.78091e+01
 -9.78066e+01
 -9.78041e+01
 -9.78016e+01
 -9.77991e+01
 -9.77967e+01
 -9.77942e+01
 -9.77918e+01
 -9.77894e+01
 -9.77870e+01
 -9.77846e+01
 -9.77822e+01
 -9.77799e+01
 -9.77775e+01
 -9.77752e+01
 -9.77729e+01
 -9.77706e+01
 -9.77683e+01
 -9.77661e+01
 -9.77638e+01
 -9.77616e+01
 -9.77594e+01
 -9.77572e+01
 -9.77550e+01
 -9.77528e+01
 -9.77507e+01
 -9.77486e+01
 -9.77464e+01
 -9.77443e+01
 -9.77422e+01
 -9.77402e+01
 -9.77381e+01
 -9.77361e+01
 -9.77341e+01
 -9.77320e+01
 -9.77301e+01
 -9.77281e+01
 -9.77261e+01
 -9.77242e+01
 -9.77222e+01
 -9.77203e+01
 -9.77184e+01
 -9.77165e+01
 -9.77147e+01
 -9.77128e+01
 -9.77110e+01
 -9.77092e+01
 -9.77073e+01
 -9.77056e+01
 -9.77038e+01
 -9.77020e+01
 -9.77003e+01
 -9.76985e+01
 -9.76968e+01
 -9.76951e+01
 -9.76935e+01
 -9.76918e+01
 -9.76901e+01
 -9.76885e+01
 -9.76869e+01
 -9.76853e+01
 -9.76837e+01
 -9.76821e+01
 -9.76805e+01
 -9.76790e+01
 -9.76775e+01
 -9.76760e+01
 -9.76745e+01
 -9.76730e+01
 -9.76715e+01
 -9.76701e+01
 -9.76686e+01
 -9.76672e+01
 -9.76658e+01
 -9.76644e+01
 -9.76630e+01
 -9.76617e+01
 -9.76603e+01
 -9.76590e+01
 -9.76577e+01
 -9.76564e+01
 -9.76551e+01
 -9.76538e+01
 -9.76526e+01
 -9.76514e+01
 -9.76501e+01
 -9.76489e+01
 -9.76477e+01
 -9.76466e+01
 -9.76454e+01
 -9.76442e+01
 -9.76431e+01
 -9.76420e+01
 -9.76409e+01
 -9.76398e+01
 -9.76388e+01
 -9.76377e+01
 -9.76367e+01
 -9.76356e+01
 -9.76346e+01
 -9.76336e+01
 -9.76327e+01
 -9.76317e+01
 -9.76307e+01
 -9.76298e+01
 -9.76289e+01
 -9.76280e+01
 -9.76271e+01
 -9.76262e+01
 -9.76254e+01
 -9.76245e+01
 -9.76237e+01
 -9.76229e+01
 -9.76221e+01
 -9.76213e+01
 -9.76205e+01
 -9.76198e+01
 -9.76191e+01
 -9.76183e+01
 -9.76176e+01
 -9.76169e+01
 -9.76163e+01
 -9.76156e+01
 -9.76150e+01
 -9.76143e+01
 -9.76137e+01
 -9.76131e+01
 -9.76125e+01
 -9.76120e+01
 -9.76114e+01
 -9.76109e+01
 -9.76103e+01
 -9.76098e+01
 -9.76093e+01
 -9.76088e+01
 -9.76084e+01
 -9.76079e+01
 -9.76075e+01
 -9.76071e+01
 -9.76067e+01
 -9.76063e+01
 -9.76059e+01
 -9.76055e+01
 -9.76052e+01
 -9.76048e+01
 -9.76045e+01
 -9.76042e+01
 -9.76039e+01
 -9.76037e+01
 -9.76034e+01
 -9.76032e+01
 -9.76029e+01
 -9.76027e+01
 -9.76025e+01
 -9.76023e+01
 -9.76022e+01
 -9.76020e+01
 -9.76019e+01
 -9.76017e+01
 -9.76016e+01
 -9.76015e+01
 -9.76015e+01
 -9.76014e+01
 -9.76013e+01
 -9.76013e+01
 -9.76013e+01
 -9.76013e+01
 -9.76013e+01
 -9.76013e+01
 -9.76014e+01
 -9.76014e+01
 -9.76015e+01
 -9.76016e+01
 -9.76016e+01
 -9.76018e+01
 -9.76019e+01
 -9.76020e+01
 -9.76022e+01
 -9.76023e+01
 -9.76025e+01
 -9.76027e+01
 -9.76029e+01
 -9.76032e+01
 -9.76034e+01
 -9.76037e+01
 -9.76039e+01
 -9.76042e+01
 -9.76045e+01
 -9.76048e+01
 -9.76052e+01
 -9.76055e+01
 -9.76059e+01
 -9.76063e+01
 -9.76066e+01
 -9.76070e+01
 -9.76075e+01
 -9.76079e+01
 -9.76083e+01
 -9.76088e+01
 -9.76093e+01
 -9.76098e+01
 -9.76103e+01
 -9.76108e+01
 -9.76113e+01
 -9.76119e+01
 -9.76124e+01
 -9.76130e+01
 -9.76136e+01
 -9.76142e+01
 -9.76148e+01
 -9.76155e+01
 -9.76161e+01
 -9.76168e+01
 -9.76174e+01
 -9.76181e+01
 -9.76188e+01
 -9.76196e+01
 -9.76203e+01
 -9.76211e+01
 -9.76218e+01
 -9.76226e+01
 -9.76234e+01
 -9.76242e+01
 -9.76250e+01
 -9.76258e+01
 -9.76267e+01
 -9.76276e+01
 -9.76284e+01
 -9.76293e+01
 -9.76302e+01
 -9.76312e+01
 -9.76321e+01
 -9.76330e+01
 -9.76340e+01
 -9.76350e+01
 -9.76360e+01
 -9.76370e+01
 -9.76380e+01
 -9.76390e+01
 -9.76401e+01
 -9.76412e+01
 -9.76422e+01
 -9.76433e+01
 -9.76444e+01
 -9.76455e+01
 -9.76467e+01
 -9.76478e+01
 -9.76490e+01
 -9.76502e+01
 -9.76514e+01
 -9.76526e+01
 -9.76538e+01
 -9.76550e+01
 -9.76563e+01
 -9.76575e+01
 -9.76588e+01
 -9.76601e+01
 -9.76614e+01
 -9.76627e+01
 -9.76640e+01
 -9.76654e+01
 -9.76667e+01
 -9.76681e+01
 -9.76695e+01
 -9.76709e+01
 -9.76723e+01
 -9.76738e+01
 -9.76752e+01
 -9.76767e+01
 -9.76781e+01
 -9.76796e+01
 -9.76811e+01
 -9.76826e+01
 -9.76842e+01
 -9.76857e+01
 -9.76873e+01
 -9.76888e+01
 -9.76904e+01
 -9.76920e+01
 -9.76936e+01
 -9.76952e+01
 -9.76969e+01
 -9.76985e+01
 -9.77002e+01
 -9.77019e+01
 -9.77036e+01
 -9.77053e+01
 -9.77070e+01
 -9.77087e+01
 -9.77105e+01
 -9.77123e+01
 -9.77140e+01
 -9.77158e+01
 -9.77176e+01
 -9.77195e+01
 -9.77213e+01
 -9.77231e+01
 -9.77250e+01
 -9.77269e+01
 -9.77288e+01
 -9.77307e+01
 -9.77326e+01
 -9.77345e+01
 -9.77364e+01
 -9.77384e+01
 -9.77404e+01
 -9.77424e+01
 -9.77443e+01
 -9.77464e+01
 -9.77484e+01
 -9.77504e+01
 -9.77525e+01
 -9.77545e+01
 -9.77566e+01
 -9.77587e+01
 -9.77608e+01
 -9.77629e+01
 -9.77651e+01
 -9.77672e+01
 -9.77694e+01
 -9.77716e+01
 -9.77737e+01
 -9.77760e+01
 -9.77782e+01
 -9.77804e+01
 -9.77826e+01
 -9.77849e+01
 -9.77872e+01
 -9.77894e+01
 -9.77917e+01
 -9.77941e+01
 -9.77964e+01
 -9.77987e+01
 -9.78011e+01
 -9.78034e+01
 -9.78058e+01
 -9.78082e+01
 -9.78106e+01
 -9.78130e+01
 -9.78155e+01
 -9.78179e+01
 -9.78204e+01
 -9.78228e+01
 -9.78253e+01
 -9.78278e+01
 -9.78303e+01
 -9.78329e+01
 -9.78354e+01
 -9.78379e+01
 -9.78405e+01
 -9.78431e+01
 -9.78457e+01
 -9.78483e+01
 -9.78509e+01
 -9.78535e+01
 -9.78562e+01
 -9.78589e+01
 -9.78615e+01
 -9.78642e+01
 -9.78669e+01
 -9.78696e+01
 -9.78723e+01
 -9.78751e+01
 -9.78778e+01
 -9.78806e+01
 -9.78834e+01
 -9.78862e+01
 -9.78890e+01
 -9.78918e+01
 -9.78946e+01
 -9.78975e+01
 -9.79003e+01
 -9.79032e+01
 -9.79061e+01
 -9.79090e+01
 -9.79119e+01
 -9.79148e+01
 -9.79178e+01
 -9.79207e+01
 -9.79237e+01
 -9.79266e+01
 -9.79296e+01
 -9.79326e+01
 -9.79357e+01
 -9.79387e+01
 -9.79417e+01
 -9.79448e+01
 -9.79479e+01
 -9.79509e+01
 -9.79540e+01
 -9.79571e+01
 -9.79603e+01
 -9.79634e+01
 -9.79665e+01
 -9.79697e+01
 -9.79729e+01
 -9.79761e+01
 -9.79793e+01
 -9.79825e+01
 -9.79857e+01
 -9.79889e+01
 -9.79922e+01
 -9.79954e+01
 -9.79987e+01
 -9.80020e+01
 -9.80053e+01
 -9.80086e+01
 -9.80120e+01
 -9.80153e+01
 -9.80186e+01
 -9.80220e+01
 -9.80254e+01
 -9.80288e+01
 -9.80322e+01
 -9.80356e+01
 -9.80390e+01
 -9.80425e+01
 -9.80459e+01
 -9.80494e+01
 -9.80529e+01
 -9.80564e+01
 -9.80599e+01
 -9.80634e+01
 -9.80670e+01
 -9.80705e+01
 -9.80741e+01
 -9.80776e+01
 -9.80812e+01
 -9.80848e+01
 -9.80884e+01
 -9.80920e+01
 -9.80957e+01
 -9.80993e+01
 -9.81030e+01
 -9.81067e+01
 -9.81104e+01
 -9.81141e+01
 -9.81178e+01
 -9.81215e+01
 -9.81252e+01
 -9.81290e+01
 -9.81327e+01
 -9.81365e+01
 -9.81403e+01
 -9.81441e+01
 -9.81479e+01
 -9.81517e+01
 -9.81556e+01
 -9.81594e+01
 -9.81633e+01
 -9.81672e+01
 -9.81711e+01
 -9.81750e+01
 -9.81789e+01
 -9.81828e+01
 -9.81867e+01
 -9.81907e+01
 -9.81947e+01
 -9.81986e+01
 -9.82026e+01
 -9.82066e+01
 -9.82106e+01
 -9.82147e+01
 -9.82187e+01
 -9.82228e+01
 -9.82268e+01
 -9.82309e+01
 -9.82350e+01
 -9.82391e+01
 -9.82432e+01
 -9.82473e+01
 -9.82515e+01
 -9.82556e+01
 -9.82598e+01
 -9.82639e+01
 -9.82681e+01
 -9.82723e+01
 -9.82765e+01
 -9.82808e+01
 -9.82850e+01
 -9.82893e+01
 -9.82935e+01
 -9.82978e+01
 -9.83021e+01
 -9.83064e+01
 -9.83107e+01
 -9.83150e+01
 -9.83194e+01
 -9.83237e+01
 -9.83281e+01
 -9.83324e+01
 -9.83368e+01
 -9.83412e+01
 -9.83456e+01
 -9.83500e+01
 -9.83545e+01
 -9.83589e+01
 -9.83634e+01
 -9.83679e+01
 -9.83723e+01
 -9.83768e+01
 -9.83813e+01
 -9.83859e+01
 -9.83904e+01
 -9.83949e+01
 -9.83995e+01
 -9.84041e+01
 -9.84086e+01
 -9.84132e+01
 -9.84178e+01
 -9.84224e+01
 -9.84271e+01
 -9.84317e+01
 -9.84364e+01
 -9.84410e+01
 -9.84457e+01
 -9.84504e+01
 -9.84551e+01
 -9.84598e+01
 -9.84645e+01
 -9.84693e+01
 -9.84740e+01
 -9.84788e+01
 -9.84835e+01
 -9.84883e+01
 -9.84931e+01
 -9.84979e+01
 -9.85028e+01
 -9.85076e+01
 -9.85124e+01
 -9.85173e+01
 -9.85222e+01
 -9.85270e+01
 -9.85319e+01
 -9.85368e+01
 -9.85417e+01
 -9.85467e+01
 -9.85516e+01
 -9.85566e+01
 -9.85615e+01
 -9.85665e+01
 -9.85715e+01
 -9.85765e+01
 -9.85815e+01
 -9.85865e+01
 -9.85915e+01
 -9.85966e+01
 -9.86016e+01
 -9.86067e+01
 -9.86118e+01
 -9.86169e+01
 -9.86220e+01
 -9.86271e+01
 -9.86322e+01
 -9.86374e+01
 -9.86425e+01
 -9.86477e+01
 -9.86529e+01
 -9.86581e+01
 -9.86633e+01
 -9.86685e+01
 -9.86737e+01
 -9.86789e+01
 -9.86842e+01
 -9.86894e+01
 -9.86947e+01
 -9.87000e+01
 -9.87053e+01
 -9.87106e+01
 -9.87159e+01
 -9.87212e+01
 -9.87265e+01
 -9.87319e+01
 -9.87372e+01
 -9.87426e+01
 -9.87480e+01
 -9.87534e+01
 -9.87588e+01
 -9.87642e+01
 -9.87697e+01
 -9.87751e+01
 -9.87805e+01
 -9.87860e+01
 -9.87915e+01
 -9.87970e+01
 -9.88025e+01
 -9.88080e+01
 -9.88135e+01
 -9.88190e+01
 -9.88246e+01
 -9.88301e+01
 -9.88357e+01
 -9.88413e+01
 -9.88469e+01
 -9.88525e+01
 -9.88581e+01
 -9.88637e+01
 -9.88694e+01
 -9.88750e+01
 -9.88807e+01
 -9.88863e+01
 -9.88920e+01
 -9.88977e+01
 -9.89034e+01
 -9.89091e+01
 -9.89149e+01
 -9.89206e+01
 -9.89263e+01
 -9.89321e+01
 -9.89379e+01
 -9.89437e+01
 -9.89495e+01
 -9.89553e+01
 -9.89611e+01
 -9.89669e+01
 -9.89727e+01
 -9.89786e+01
 -9.89845e+01
 -9.89903e+01
 -9.89962e+01
 -9.90021e+01
 -9.90080e+01
 -9.90139e+01
 -9.90199e+01
 -9.90258e+01
 -9.90318e+01
 -9.90377e+01
 -9.90437e+01
 -9.90497e+01
 -9.90557e+01
 -9.90617e+01
 -9.90677e+01
 -9.90737e+01
 -9.90798e+01
 -9.90858e+01
 -9.90919e+01
 -9.90979e+01
 -9.91040e+01
 -9.91101e+01
 -9.91162e+01
 -9.91223e+01
 -9.91285e+01
 -9.91346e+01
 -9.91408e+01
 -9.91469e+01
 -9.91531e+01
 -9.91593e+01
 -9.91655e+01
 -9.91717e+01
 -9.91779e+01
 -9.91841e+01
 -9.91904e+01
 -9.91966e+01
 -9.92029e+01
 -9.92091e+01
 -9.92154e+01
 -9.92217e+01
 -9.92280e+01
 -9.92343e+01
 -9.92407e+01
 -9.92470e+01
 -9.92533e+01
 -9.92597e+01
 -9.92661e+01
 -9.92724e+01
 -9.92788e+01
 -9.92852e+01
 -9.92916e+01
 -9.92981e+01
 -9.93045e+01
 -9.93109e+01
 -9.93174e+01
 -9.93239e+01
 -9.93303e+01
 -9.93368e+01
 -9.93433e+01
 -9.93498e+01
 -9.93564e+01
 -9.93629e+01
 -9.93694e+01
 -9.93760e+01
 -9.93825e+01
 -9.93891e+01
 -9.93957e+01
 -9.94023e+01
 -9.94089e+01
 -9.94155e+01
 -9.94221e+01
 -9.94288e+01
 -9.94354e+01
 -9.94421e+01
 -9.94487e+01
 -9.94554e+01
 -9.94621e+01
 -9.94688e+01
 -9.94755e+01
 -9.94822e+01
 -9.94890e+01
 -9.94957e+01
 -9.95025e+01
 -9.95092e+01
 -9.95160e+01
 -9.95228e+01
 -9.95296e+01
 -9.95364e+01
 -9.95432e+01
 -9.95500e+01
 -9.95569e+01
 -9.95637e+01
 -9.95706e+01
 -9.95774e+01
 -9.95843e+01
 -9.95912e+01
 -9.95981e+01
 -9.96050e+01
 -9.96119e+01
 -9.96189e+01
 -9.96258e+01
 -9.96328e+01
 -9.96397e+01
 -9.96467e+01
 -9.96537e+01
 -9.96607e+01
 -9.96677e+01
 -9.96747e+01
 -9.96817e+01
 -9.96887e+01
 -9.96958e+01
 -9.97028e+01
 -9.97099e+01
 -9.97170e+01
 -9.97241e+01
 -9.97312e+01
 -9.97383e+01
 -9.97454e+01
 -9.97525e+01
 -9.97596e+01
 -9.97668e+01
 -9.97739e+01
 -9.97811e+01
 -9.97883e+01
 -9.97955e+01
 -9.98027e+01
 -9.98099e+01
 -9.98171e+01
 -9.98243e+01
 -9.98316e+01
 -9.98388e+01
 -9.98461e+01
 -9.98533e+01
 -9.98606e+01
 -9.98679e+01
 -9.98752e+01
 -9.98825e+01
 -9.98898e+01
 -9.98972e+01
 -9.99045e+01
 -9.99118e+01
 -9.99192e+01
 -9.99266e+01
 -9.99340e+01
 -9.99413e+01
 -9.99487e+01
 -9.99561e+01
 -9.99636e+01
 -9.99710e+01
 -9.99784e+01
 -9.99859e+01
 -9.99933e+01
 -1.00001e+02
 -1.00008e+02
 -1.00016e+02
 -1.00023e+02
 -1.00031e+02
 -1.00038e+02
 -1.00046e+02
 -1.00053e+02
 -1.00061e+02
 -1.00068e+02
 -1.00076e+02
 -1.00084e+02
 -1.00091e+02
 -1.00099e+02
 -1.00106e+02
 -1.00114e+02
 -1.00122e+02
 -1.00129e+02
 -1.00137e+02
 -1.00145e+02
 -1.00152e+02
 -1.00160e+02
 -1.00168e+02
 -1.00175e+02
 -1.00183e+02
 -1.00191e+02
 -1.00198e+02
 -1.00206e+02
 -1.00214e+02
 -1.00222e+02
 -1.00229e+02
 -1.00237e+02
 -1.00245e+02
 -1.00253e+02
 -1.00261e+02
 -1.00268e+02
 -1.00276e+02
 -1.00284e+02
 -1.00292e+02
 -1.00300e+02
 -1.00308e+02
 -1.00315e+02
 -1.00323e+02
 -1.00331e+02
 -1.00339e+02
 -1.00347e+02
 -1.00355e+02
 -1.00363e+02
 -1.00371e+02
 -1.00379e+02
 -1.00387e+02
 -1.00395e+02
 -1.00403e+02
 -1.00411e+02
 -1.00419e+02
 -1.00427e+02
 -1.00435e+02
 -1.00443e+02
 -1.00451e+02
 -1.00459e+02
 -1.00467e+02
 -1.00475e+02
 -1.00483e+02
 -1.00491e+02
 -1.00499e+02
 -1.00507e+02
 -1.00515e+02
 -1.00523e+02
 -1.00532e+02
 -1.00540e+02
 -1.00548e+02
 -1.00556e+02
 -1.00564e+02
 -1.00572e+02
 -1.00581e+02
 -1.00589e+02
 -1.00597e+02
 -1.00605e+02
 -1.00613e+02
 -1.00622e+02
 -1.00630e+02
 -1.00638e+02
 -1.00646e+02
 -1.00655e+02
 -1.00663e+02
 -1.00671e+02
 -1.00679e+02
 -1.00688e+02
 -1.00696e+02
 -1.00704e+02
 -1.00713e+02
 -1.00721e+02
 -1.00729e+02
 -1.00738e+02
 -1.00746e+02
 -1.00754e+02
 -1.00763e+02
 -1.00771e+02
 -1.00780e+02
 -1.00788e+02
 -1.00796e+02
 -1.00805e+02
 -1.00813e+02
 -1.00822e+02
 -1.00830e+02
 -1.00839e+02
 -1.00847e+02
 -1.00856e+02
 -1.00864e+02
 -1.00873e+02
 -1.00881e+02
 -1.00890e+02
 -1.00898e+02
 -1.00907e+02
 -1.00915e+02
 -1.00924e+02
 -1.00932e+02
 -1.00941e+02
 -1.00950e+02
 -1.00958e+02
 -1.00967e+02
 -1.00975e+02
 -1.00984e+02
 -1.00993e+02
 -1.01001e+02
 -1.01010e+02
 -1.01019e+02
 -1.01027e+02
 -1.01036e+02
 -1.01045e+02
 -1.01053e+02
 -1.01062e+02
 -1.01071e+02
 -1.01079e+02
 -1.01088e+02
 -1.01097e+02
 -1.01106e+02
 -1.01114e+02
 -1.01123e+02
 -1.01132e+02
 -1.01141e+02
 -1.01150e+02
 -1.01158e+02
 -1.01167e+02
 -1.01176e+02
 -1.01185e+02
 -1.01194e+02
 -1.01202e+02
 -1.01211e+02
 -1.01220e+02
 -1.01229e+02
 -1.01238e+02
 -1.01247e+02
 -1.01256e+02
 -1.01265e+02
 -1.01273e+02
 -1.01282e+02
 -1.01291e+02
 -1.01300e+02
 -1.01309e+02
 -1.01318e+02
 -1.01327e+02
 -1.01336e+02
 -1.01345e+02
 -1.01354e+02
 -1.01363e+02
 -1.01372e+02
 -1.01381e+02
 -1.01390e+02
 -1.01399e+02
 -1.01408e+02
 -1.01417e+02
 -1.01426e+02
 -1.01435e+02
 -1.01444e+02
 -1.01454e+02
 -1.01463e+02
 -1.01472e+02
 -1.01481e+02
 -1.01490e+02
 -1.01499e+02
 -1.01508e+02
 -1.01517e+02
 -1.01526e+02
 -1.01536e+02
 -1.01545e+02
 -1.01554e+02
 -1.01563e+02
 -1.01572e+02
 -1.01582e+02
 -1.01591e+02
 -1.01600e+02
 -1.01609e+02
 -1.01618e+02
 -1.01628e+02
 -1.01637e+02
 -1.01646e+02
 -1.01655e+02
 -1.01665e+02
 -1.01674e+02
 -1.01683e+02
 -1.01693e+02
 -1.01702e+02
 -1.01711e+02
 -1.01721e+02
 -1.01730e+02
 -1.01739e+02
 -1.01749e+02
 -1.01758e+02
 -1.01767e+02
 -1.01777e+02
 -1.01786e+02
 -1.01795e+02
 -1.01805e+02
 -1.01814e+02
 -1.01824e+02
 -1.01833e+02
 -1.01843e+02
 -1.01852e+02
 -1.01861e+02
 -1.01871e+02
 -1.01880e+02
 -1.01890e+02
 -1.01899e+02
 -1.01909e+02
 -1.01918e+02
 -1.01928e+02
 -1.01937e+02
 -1.01947e+02
 -1.01956e+02
 -1.01966e+02
 -1.01975e+02
 -1.01985e+02
 -1.01995e+02
 -1.02004e+02
 -1.02014e+02
 -1.02023e+02
 -1.02033e+02
 -1.02042e+02
 -1.02052e+02
 -1.02062e+02
 -1.02071e+02
 -1.02081e+02
 -1.02091e+02
 -1.02100e+02
 -1.02110e+02
 -1.02120e+02
 -1.02129e+02
 -1.02139e+02
 -1.02149e+02
 -1.02158e+02
 -1.02168e+02
 -1.02178e+02
 -1.02187e+02
 -1.02197e+02
 -1.02207e+02
 -1.02217e+02
 -1.02226e+02
 -1.02236e+02
 -1.02246e+02
 -1.02256e+02
 -1.02266e+02
 -1.02275e+02
 -1.02285e+02
 -1.02295e+02
 -1.02305e+02
 -1.02315e+02
 -1.02324e+02
 -1.02334e+02
 -1.02344e+02
 -1.02354e+02
 -1.02364e+02
 -1.02374e+02
 -1.02384e+02
 -1.02393e+02
 -1.02403e+02
 -1.02413e+02
 -1.02423e+02
 -1.02433e+02
 -1.02443e+02
 -1.02453e+02
 -1.02463e+02
 -1.02473e+02
 -1.02483e+02
 -1.02493e+02
 -1.02503e+02
 -1.02513e+02
 -1.02523e+02
 -1.02533e+02
 -1.02543e+02
 -1.02553e+02
 -1.02563e+02
 -1.02573e+02
 -1.02583e+02
 -1.02593e+02
 -1.02603e+02
 -1.02613e+02
 -1.02623e+02
 -1.02633e+02
 -1.02643e+02
 -1.02653e+02
 -1.02663e+02
 -1.02673e+02
 -1.02683e+02
 -1.02693e+02
 -1.02704e+02
 -1.02714e+02
 -1.02724e+02
 -1.02734e+02
 -1.02744e+02
 -1.02754e+02
 -1.02764e+02
 -1.02775e+02
 -1.02785e+02
 -1.02795e+02
 -1.02805e+02
 -1.02815e+02
 -1.02826e+02
 -1.02836e+02
 -1.02846e+02
 -1.02856e+02
 -1.02867e+02
 -1.02877e+02
 -1.02887e+02
 -1.02897e+02
 -1.02908e+02
 -1.02918e+02
 -1.02928e+02
 -1.02938e+02
 -1.02949e+02
 -1.02959e+02
 -1.02969e+02
 -1.02980e+02
 -1.02990e+02
 -1.03000e+02
 -1.03011e+02
 -1.03021e+02
 -1.03031e+02
 -1.03042e+02
 -1.03052e+02
 -1.03062e+02
 -1.03073e+02
 -1.03083e+02
 -1.03094e+02
 -1.03104e+02
 -1.03114e+02
 -1.03125e+02
 -1.03135e+02
 -1.03146e+02
 -1.03156e+02
 -1.03167e+02
 -1.03177e+02
 -1.03188e+02
 -1.03198e+02
 -1.03208e+02
 -1.03219e+02
 -1.03229e+02
 -1.03240e+02
 -1.03250e+02
 -1.03261e+02
 -1.03271e+02
 -1.03282e+02
 -1.03293e+02
 -1.03303e+02
 -1.03314e+02
 -1.03324e+02
 -1.03335e+02
 -1.03345e+02
 -1.03356e+02
 -1.03366e+02
 -1.03377e+02
 -1.03388e+02
 -1.03398e+02
 -1.03409e+02
 -1.03419e+02
 -1.03430e+02
 -1.03441e+02
 -1.03451e+02
 -1.03462e+02
 -1.03473e+02
 -1.03483e+02
 -1.03494e+02
 -1.03505e+02
 -1.03515e+02
 -1.03526e+02
 -1.03537e+02
 -1.03547e+02
 -1.03558e+02
 -1.03569e+02
 -1.03580e+02
 -1.03590e+02
 -1.03601e+02
 -1.03612e+02
 -1.03622e+02
 -1.03633e+02
 -1.03644e+02
 -1.03655e+02
 -1.03666e+02
 -1.03676e+02
 -1.03687e+02
 -1.03698e+02
 -1.03709e+02
 -1.03719e+02
 -1.03730e+02
 -1.03741e+02
 -1.03752e+02
 -1.03763e+02
 -1.03774e+02
 -1.03784e+02
 -1.03795e+02
 -1.03806e+02
 -1.03817e+02
 -1.03828e+02
 -1.03839e+02
 -1.03850e+02
 -1.03861e+02
 -1.03871e+02
 -1.03882e+02
 -1.03893e+02
 -1.03904e+02
 -1.03915e+02
 -1.03926e+02
 -1.03937e+02
 -1.03948e+02
 -1.03959e+02
 -1.03970e+02
 -1.03981e+02
 -1.03992e+02
 -1.04003e+02
 -1.04014e+02
 -1.04025e+02
 -1.04036e+02
 -1.04047e+02
 -1.04058e+02
 -1.04069e+02
 -1.04080e+02
 -1.04091e+02
 -1.04102e+02
 -1.04113e+02
 -1.04124e+02
 -1.04135e+02
 -1.04146e+02
 -1.04157e+02
 -1.04168e+02
 -1.04179e+02
 -1.04190e+02
 -1.04202e+02
 -1.04213e+02
 -1.04224e+02
 -1.04235e+02
 -1.04246e+02
 -1.04257e+02
 -1.04268e+02
 -1.04279e+02
 -1.04291e+02
 -1.04302e+02
 -1.04313e+02
 -1.04324e+02
 -1.04335e+02
 -1.04346e+02
 -1.04358e+02
 -1.04369e+02
 -1.04380e+02
 -1.04391e+02
 -1.04402e+02
 -1.04414e+02
 -1.04425e+02
 -1.04436e+02
 -1.04447e+02
 -1.04458e+02
 -1.04470e+02
 -1.04481e+02
 -1.04492e+02
 -1.04503e+02
 -1.04515e+02
 -1.04526e+02
 -1.04537e+02
 -1.04549e+02
 -1.04560e+02
 -1.04571e+02
 -1.04583e+02
 -1.04594e+02
 -1.04605e+02
 -1.04616e+02
 -1.04628e+02
 -1.04639e+02
 -1.04650e+02
 -1.04662e+02
 -1.04673e+02
 -1.04685e+02
 -1.04696e+02
 -1.04707e+02
 -1.04719e+02
 -1.04730e+02
 -1.04741e+02
 -1.04753e+02
 -1.04764e+02
 -1.04776e+02
 -1.04787e+02
 -1.04799e+02
 -1.04810e+02
 -1.04821e+02
 -1.04833e+02
 -1.04844e+02
 -1.04856e+02
 -1.04867e+02
 -1.04879e+02
 -1.04890e+02
 -1.04902e+02
 -1.04913e+02
 -1.04925e+02
 -1.04936e+02
 -1.04948e+02
 -1.04959e+02
 -1.04971e+02
 -1.04982e+02
 -1.04994e+02
 -1.05005e+02
 -1.05017e+02
 -1.05028e+02
 -1.05040e+02
 -1.05051e+02
 -1.05063e+02
 -1.05074e+02
 -1.05086e+02
 -1.05098e+02
 -1.05109e+02
 -1.05121e+02
 -1.05132e+02
 -1.05144e+02
 -1.05156e+02
 -1.05167e+02
 -1.05179e+02
 -1.05190e+02
 -1.05202e+02
 -1.05214e+02
 -1.05225e+02
 -1.05237e+02
 -1.05249e+02
 -1.05260e+02
 -1.05272e+02
 -1.05284e+02
 -1.05295e+02
 -1.05307e+02
 -1.05319e+02
 -1.05330e+02
 -1.05342e+02
 -1.05354e+02
 -1.05365e+02
 -1.05377e+02
 -1.05389e+02
 -1.05401e+02
 -1.05412e+02
 -1.05424e+02
 -1.05436e+02
 -1.05448e+02
 -1.05459e+02
 -1.05471e+02
 -1.05483e+02
 -1.05495e+02
 -1.05506e+02
 -1.05518e+02
 -1.05530e+02
 -1.05542e+02
 -1.05553e+02
 -1.05565e+02
 -1.05577e+02
 -1.05589e+02
 -1.05601e+02
 -1.05613e+02
 -1.05624e+02
 -1.05636e+02
 -1.05648e+02
 -1.05660e+02
 -1.05672e+02
 -1.05684e+02
 -1.05695e+02
 -1.05707e+02
 -1.05719e+02
 -1.05731e+02
 -1.05743e+02
 -1.05755e+02
 -1.05767e+02
 -1.05779e+02
 -1.05791e+02
 -1.05802e+02
 -1.05814e+02
 -1.05826e+02
 -1.05838e+02
 -1.05850e+02
 -1.05862e+02
 -1.05874e+02
 -1.05886e+02
 -1.05898e+02
 -1.05910e+02
 -1.05922e+02
 -1.05934e+02
 -1.05946e+02
 -1.05958e+02
 -1.05970e+02
 -1.05982e+02
 -1.05994e+02
 -1.06006e+02
 -1.06018e+02
 -1.06030e+02
 -1.06042e+02
 -1.06054e+02
 -1.06066e+02
 -1.06078e+02
 -1.06090e+02
 -1.06102e+02
 -1.06114e+02
 -1.06126e+02
 -1.06138e+02
 -1.06150e+02
 -1.06162e+02
 -1.06174e+02
 -1.06186e+02
 -1.06199e+02
 -1.06211e+02
 -1.06223e+02
 -1.06235e+02
 -1.06247e+02
 -1.06259e+02
 -1.06271e+02
 -1.06283e+02
 -1.06295e+02
 -1.06307e+02
 -1.06320e+02
 -1.06332e+02
 -1.06344e+02
 -1.06356e+02
 -1.06368e+02
 -1.06380e+02
 -1.06393e+02
 -1.06405e+02
 -1.06417e+02
 -1.06429e+02
 -1.06441e+02
 -1.06453e+02
 -1.06466e+02
 -1.06478e+02
 -1.06490e+02
 -1.06502e+02
 -1.06514e+02
 -1.06527e+02
 -1.06539e+02
 -1.06551e+02
 -1.06563e+02
 -1.06576e+02
 -1.06588e+02
 -1.06600e+02
 -1.06612e+02
 -1.06625e+02
 -1.06637e+02
 -1.06649e+02
 -1.06661e+02
 -1.06674e+02
 -1.06686e+02
 -1.06698e+02
 -1.06711e+02
 -1.06723e+02
 -1.06735e+02
 -1.06747e+02
 -1.06760e+02
 -1.06772e+02
 -1.06784e+02
 -1.06797e+02
 -1.06809e+02
 -1.06821e+02
 -1.06834e+02
 -1.06846e+02
 -1.06858e+02
 -1.06871e+02
 -1.06883e+02
 -1.06896e+02
 -1.06908e+02
 -1.06920e+02
 -1.06933e+02
 -1.06945e+02
 -1.06957e+02
 -1.06970e+02
 -1.06982e+02
 -1.06995e+02
 -1.07007e+02
 -1.07019e+02
 -1.07032e+02
 -1.07044e+02
 -1.07057e+02
 -1.07069e+02
 -1.07082e+02
 -1.07094e+02
 -1.07107e+02
 -1.07119e+02
 -1.07131e+02
 -1.07144e+02
 -1.07156e+02
 -1.07169e+02
 -1.07181e+02
 -1.07194e+02
 -1.07206e+02
 -1.07219e+02
 -1.07231e+02
 -1.07244e+02
 -1.07256e+02
 -1.07269e+02
 -1.07281e+02
 -1.07294e+02
 -1.07306e+02
 -1.07319e+02
 -1.07331e+02
 -1.07344e+02
 -1.07356e+02
 -1.07369e+02
 -1.07381e+02
 -1.07394e+02
 -1.07407e+02
 -1.07419e+02
 -1.07432e+02
 -1.07444e+02
 -1.07457e+02
 -1.07469e+02
 -1.07482e+02
 -1.07495e+02
 -1.07507e+02
 -1.07520e+02
 -1.07532e+02
 -1.07545e+02
 -1.07558e+02
 -1.07570e+02
 -1.07583e+02
 -1.07595e+02
 -1.07608e+02
 -1.07621e+02
 -1.07633e+02
 -1.07646e+02
 -1.07659e+02
 -1.07671e+02
 -1.07684e+02
 -1.07697e+02
 -1.07709e+02
 -1.07722e+02
 -1.07735e+02
 -1.07747e+02
 -1.07760e+02
 -1.07773e+02
 -1.07785e+02
 -1.07798e+02
 -1.07811e+02
 -1.07823e+02
 -1.07836e+02
 -1.07849e+02
 -1.07861e+02
 -1.07874e+02
 -1.07887e+02
 -1.07900e+02
 -1.07912e+02
 -1.07925e+02
 -1.07938e+02
 -1.07951e+02
 -1.07963e+02
 -1.07976e+02
 -1.07989e+02
 -1.08002e+02
 -1.08014e+02
 -1.08027e+02
 -1.08040e+02
 -1.08053e+02
 -1.08065e+02
 -1.08078e+02
 -1.08091e+02
 -1.08104e+02
 -1.08117e+02
 -1.08129e+02
 -1.08142e+02
 -1.08155e+02
 -1.08168e+02
 -1.08181e+02
 -1.08193e+02
 -1.08206e+02
 -1.08219e+02
 -1.08232e+02
 -1.08245e+02
 -1.08258e+02
 -1.08270e+02
 -1.08283e+02
 -1.08296e+02
 -1.08309e+02
 -1.08322e+02
 -1.08335e+02
 -1.08348e+02
 -1.08360e+02
 -1.08373e+02
 -1.08386e+02
 -1.08399e+02
 -1.08412e+02
 -1.08425e+02
 -1.08438e+02
 -1.08451e+02
 -1.08464e+02
 -1.08476e+02
 -1.08489e+02
 -1.08502e+02
 -1.08515e+02
 -1.08528e+02
 -1.08541e+02
 -1.08554e+02
 -1.08567e+02
 -1.08580e+02
 -1.08593e+02
 -1.08606e+02
 -1.08619e+02
 -1.08632e+02
 -1.08645e+02
 -1.08658e+02
 -1.08670e+02
 -1.08683e+02
 -1.08696e+02
 -1.08709e+02
 -1.08722e+02
 -1.08735e+02
 -1.08748e+02
 -1.08761e+02
 -1.08774e+02
 -1.08787e+02
 -1.08800e+02
 -1.08813e+02
 -1.08826e+02
 -1.08839e+02
 -1.08852e+02
 -1.08865e+02
 -1.08878e+02
 -1.08891e+02
 -1.08905e+02
 -1.08918e+02
 -1.08931e+02
 -1.08944e+02
 -1.08957e+02
 -1.08970e+02
 -1.08983e+02
 -1.08996e+02
 -1.09009e+02
 -1.09022e+02
 -1.09035e+02
 -1.09048e+02
 -1.09061e+02
 -1.09074e+02
 -1.09087e+02
 -1.09100e+02
 -1.09114e+02
 -1.09127e+02
 -1.09140e+02
 -1.09153e+02
 -1.09166e+02
 -1.09179e+02
 -1.09192e+02
 -1.09205e+02
 -1.09218e+02
 -1.09232e+02
 -1.09245e+02
 -1.09258e+02
 -1.09271e+02
 -1.09284e+02
 -1.09297e+02
 -1.09310e+02
 -1.09323e+02
 -1.09337e+02
 -1.09350e+02
 -1.09363e+02
 -1.09376e+02
 -1.09389e+02
 -1.09402e+02
 -1.09416e+02
 -1.09429e+02
 -1.09442e+02
 -1.09455e+02
 -1.09468e+02
 -1.09482e+02
 -1.09495e+02
 -1.09508e+02
 -1.09521e+02
 -1.09534e+02
 -1.09548e+02
 -1.09561e+02
 -1.09574e+02
 -1.09587e+02
 -1.09600e+02
 -1.09614e+02
 -1.09627e+02
 -1.09640e+02
 -1.09653e+02
 -1.09667e+02
 -1.09680e+02
 -1.09693e+02
 -1.09706e+02
 -1.09720e+02
 -1.09733e+02
 -1.09746e+02
 -1.09759e+02
 -1.09773e+02
 -1.09786e+02
 -1.09799e+02
 -1.09812e+02
 -1.09826e+02
 -1.09839e+02
 -1.09852e+02
 -1.09866e+02
 -1.09879e+02
 -1.09892e+02
 -1.09905e+02
 -1.09919e+02
 -1.09932e+02
 -1.09945e+02
 -1.09959e+02
 -1.09972e+02
 -1.09985e+02
 -1.09999e+02
 -1.10012e+02
 -1.10025e+02
 -1.10039e+02
 -1.10052e+02
 -1.10065e+02
 -1.10079e+02
 -1.10092e+02
 -1.10105e+02
 -1.10119e+02
 -1.10132e+02
 -1.10145e+02
 -1.10159e+02
 -1.10172e+02
 -1.10185e+02
 -1.10199e+02
 -1.10212e+02
 -1.10225e+02
 -1.10239e+02
 -1.10252e+02
 -1.10266e+02
 -1.10279e+02
 -1.10292e+02
 -1.10306e+02
 -1.10319e+02
 -1.10333e+02
 -1.10346e+02
 -1.10359e+02
 -1.10373e+02
 -1.10386e+02
 -1.10400e+02
 -1.10413e+02
 -1.10426e+02
 -1.10440e+02
 -1.10453e+02
 -1.10467e+02
 -1.10480e+02
 -1.10494e+02
 -1.10507e+02
 -1.10520e+02
 -1.10534e+02
 -1.10547e+02
 -1.10561e+02
 -1.10574e+02
 -1.10588e+02
 -1.10601e+02
 -1.10615e+02
 -1.10628e+02
 -1.10642e+02
 -1.10655e+02
 -1.10669e+02
 -1.10682e+02
 -1.10695e+02
 -1.10709e+02
 -1.10722e+02
 -1.10736e+02
 -1.10749e+02
 -1.10763e+02
 -1.10776e+02
 -1.10790e+02
 -1.10803e+02
 -1.10817e+02
 -1.10830e+02
 -1.10844e+02
 -1.10857e+02
 -1.10871e+02
 -1.10884e+02
 -1.10898e+02
 -1.10912e+02
 -1.10925e+02
 -1.10939e+02
 -1.10952e+02
 -1.10966e+02
 -1.10979e+02
 -1.10993e+02
 -1.11006e+02
 -1.11020e+02
 -1.11033e+02
 -1.11047e+02
 -1.11060e+02
 -1.11074e+02
 -1.11088e+02
 -1.11101e+02
 -1.11115e+02
 -1.11128e+02
 -1.11142e+02
 -1.11155e+02
 -1.11169e+02
 -1.11183e+02
 -1.11196e+02
 -1.11210e+02
 -1.11223e+02
 -1.11237e+02
 -1.11251e+02
 -1.11264e+02
 -1.11278e+02
 -1.11291e+02
 -1.11305e+02
 -1.11319e+02
 -1.11332e+02
 -1.11346e+02
 -1.11359e+02
 -1.11373e+02
 -1.11387e+02
 -1.11400e+02
 -1.11414e+02
 -1.11427e+02
 -1.11441e+02
 -1.11455e+02
 -1.11468e+02
 -1.11482e+02
 -1.11496e+02
 -1.11509e+02
 -1.11523e+02
 -1.11537e+02
 -1.11550e+02
 -1.11564e+02
 -1.11578e+02
 -1.11591e+02
 -1.11605e+02
 -1.11619e+02
 -1.11632e+02
 -1.11646e+02
 -1.11660e+02
 -1.11673e+02
 -1.11687e+02
 -1.11701e+02
 -1.11714e+02
 -1.11728e+02
 -1.11742e+02
 -1.11755e+02
 -1.11769e+02
 -1.11783e+02
 -1.11796e+02
 -1.11810e+02
 -1.11824e+02
 -1.11837e+02
 -1.11851e+02
 -1.11865e+02
 -1.11879e+02
 -1.11892e+02
 -1.11906e+02
 -1.11920e+02
 -1.11933e+02
 -1.11947e+02
 -1.11961e+02
 -1.11975e+02
 -1.11988e+02
 -1.12002e+02
 -1.12016e+02
 -1.12030e+02
 -1.12043e+02
 -1.12057e+02
 -1.12071e+02
 -1.12085e+02
 -1.12098e+02
 -1.12112e+02
 -1.12126e+02
 -1.12140e+02
 -1.12153e+02
 -1.12167e+02
 -1.12181e+02
 -1.12195e+02
 -1.12208e+02
 -1.12222e+02
 -1.12236e+02
 -1.12250e+02
 -1.12263e+02
 -1.12277e+02
 -1.12291e+02
 -1.12305e+02
 -1.12319e+02
 -1.12332e+02
 -1.12346e+02
 -1.12360e+02
 -1.12374e+02
 -1.12388e+02
 -1.12401e+02
 -1.12415e+02
 -1.12429e+02
 -1.12443e+02
 -1.12457e+02
 -1.12470e+02
 -1.12484e+02
 -1.12498e+02
 -1.12512e+02
 -1.12526e+02
 -1.12539e+02
 -1.12553e+02
 -1.12567e+02
 -1.12581e+02
 -1.12595e+02
 -1.12609e+02
 -1.12622e+02
 -1.12636e+02
 -1.12650e+02
 -1.12664e+02
 -1.12678e+02
 -1.12692e+02
 -1.12705e+02
 -1.12719e+02
 -1.12733e+02
 -1.12747e+02
 -1.12761e+02
 -1.12775e+02
 -1.12789e+02
 -1.12802e+02
 -1.12816e+02
 -1.12830e+02
 -1.12844e+02
 -1.12858e+02
 -1.12872e+02
 -1.12886e+02
 -1.12900e+02
 -1.12913e+02
 -1.12927e+02
 -1.12941e+02
 -1.12955e+02
 -1.12969e+02
 -1.12983e+02
 -1.12997e+02
 -1.13011e+02
 -1.13024e+02
 -1.13038e+02
 -1.13052e+02
 -1.13066e+02
 -1.13080e+02
 -1.13094e+02
 -1.13108e+02
 -1.13122e+02
 -1.13136e+02
 -1.13150e+02
 -1.13164e+02
 -1.13177e+02
 -1.13191e+02
 -1.13205e+02
 -1.13219e+02
 -1.13233e+02
 -1.13247e+02
 -1.13261e+02
 -1.13275e+02
 -1.13289e+02
 -1.13303e+02
 -1.13317e+02
 -1.13331e+02
 -1.13345e+02
 -1.13359e+02
 -1.13372e+02
 -1.13386e+02
 -1.13400e+02
 -1.13414e+02
 -1.13428e+02
 -1.13442e+02
 -1.13456e+02
 -1.13470e+02
 -1.13484e+02
 -1.13498e+02
 -1.13512e+02
 -1.13526e+02
 -1.13540e+02
 -1.13554e+02
 -1.13568e+02
 -1.13582e+02
 -1.13596e+02
 -1.13610e+02
 -1.13624e+02
 -1.13638e+02
 -1.13652e+02
 -1.13666e+02
 -1.13680e+02
 -1.13694e+02
 -1.13708e+02
 -1.13722e+02
 -1.13736e+02
 -1.13750e+02
 -1.13764e+02
 -1.13778e+02
 -1.13792e+02
 -1.13806e+02
 -1.13820e+02
 -1.13834e+02
 -1.13848e+02
 -1.13862e+02
 -1.13876e+02
 -1.13890e+02
 -1.13904e+02
 -1.13918e+02
 -1.13932e+02
 -1.13946e+02
 -1.13960e+02
 -1.13974e+02
 -1.13988e+02
 -1.14002e+02
 -1.14016e+02
 -1.14030e+02
 -1.14044e+02
 -1.14058e+02
 -1.14072e+02
 -1.14086e+02
 -1.14100e+02
 -1.14114e+02
 -1.14128e+02
 -1.14142e+02
 -1.14156e+02
 -1.14170e+02
 -1.14184e+02
 -1.14198e+02
 -1.14212e+02
 -1.14226e+02
 -1.14240e+02
 -1.14254e+02
 -1.14268e+02
 -1.14282e+02
 -1.14296e+02
 -1.14310e+02
 -1.14325e+02
 -1.14339e+02
 -1.14353e+02
 -1.14367e+02
 -1.14381e+02
 -1.14395e+02
 -1.14409e+02
 -1.14423e+02
 -1.14437e+02
 -1.14451e+02
 -1.14465e+02
 -1.14479e+02
 -1.14493e+02
 -1.14507e+02
 -1.14521e+02
 -1.14536e+02
 -1.14550e+02
 -1.14564e+02
 -1.14578e+02
 -1.14592e+02
 -1.14606e+02
 -1.14620e+02
 -1.14634e+02
 -1.14648e+02
 -1.14662e+02
 -1.14676e+02
 -1.14690e+02
 -1.14705e+02
 -1.14719e+02
 -1.14733e+02
 -1.14747e+02
 -1.14761e+02
 -1.14775e+02
 -1.14789e+02
 -1.14803e+02
 -1.14817e+02
 -1.14832e+02
 -1.14846e+02
 -1.14860e+02
 -1.14874e+02
 -1.14888e+02
 -1.14902e+02
 -1.14916e+02
 -1.14930e+02
 -1.14944e+02
 -1.14959e+02
 -1.14973e+02
 -1.14987e+02
 -1.15001e+02
 -1.15015e+02
 -1.15029e+02
 -1.15043e+02
 -1.15057e+02
 -1.15072e+02
 -1.15086e+02
 -1.15100e+02
 -1.15114e+02
 -1.15128e+02
 -1.15142e+02
 -1.15156e+02
 -1.15170e+02
 -1.15185e+02
 -1.15199e+02
 -1.15213e+02
 -1.15227e+02
 -1.15241e+02
 -1.15255e+02
 -1.15269e+02
 -1.15284e+02
 -1.15298e+02
 -1.15312e+02
 -1.15326e+02
 -1.15340e+02
 -1.15354e+02
 -1.15369e+02
 -1.15383e+02
 -1.15397e+02
 -1.15411e+02
 -1.15425e+02
 -1.15439e+02
 -1.15454e+02
 -1.15468e+02
 -1.15482e+02
 -1.15496e+02
 -1.15510e+02
 -1.15524e+02
 -1.15539e+02
 -1.15553e+02
 -1.15567e+02
 -1.15581e+02
 -1.15595e+02
 -1.15609e+02
 -1.15624e+02
 -1.15638e+02
 -1.15652e+02
 -1.15666e+02
 -1.15680e+02
 -1.15694e+02
 -1.15709e+02
 -1.15723e+02
 -1.15737e+02
 -1.15751e+02
 -1.15765e+02
 -1.15780e+02
 -1.15794e+02
 -1.15808e+02
 -1.15822e+02
 -1.15836e+02
 -1.15851e+02
 -1.15865e+02
 -1.15879e+02
 -1.15893e+02
 -1.15907e+02
 -1.15921e+02
 -1.15936e+02
 -1.15950e+02
 -1.15964e+02
 -1.15978e+02
 -1.15992e+02
 -1.16007e+02
 -1.16021e+02
 -1.16035e+02
 -1.16049e+02
 -1.16064e+02
 -1.16078e+02
 -1.16092e+02
 -1.16106e+02
 -1.16120e+02
 -1.16135e+02
 -1.16149e+02
 -1.16163e+02
 -1.16177e+02
 -1.16191e+02
 -1.16206e+02
 -1.16220e+02
 -1.16234e+02
 -1.16248e+02
 -1.16263e+02
 -1.16277e+02
 -1.16291e+02
 -1.16305e+02
 -1.16319e+02
 -1.16334e+02
 -1.16348e+02
 -1.16362e+02
 -1.16376e+02
 -1.16391e+02
 -1.16405e+02
 -1.16419e+02
 -1.16433e+02
 -1.16447e+02
 -1.16462e+02
 -1.16476e+02
 -1.16490e+02
 -1.16504e+02
 -1.16519e+02
 -1.16533e+02
 -1.16547e+02
 -1.16561e+02
 -1.16576e+02
 -1.16590e+02
 -1.16604e+02
 -1.16618e+02
 -1.16633e+02
 -1.16647e+02
 -1.16661e+02
 -1.16675e+02
 -1.16690e+02
 -1.16704e+02
 -1.16718e+02
 -1.16732e+02
 -1.16747e+02
 -1.16761e+02
 -1.16775e+02
 -1.16789e+02
 -1.16804e+02
 -1.16818e+02
 -1.16832e+02
 -1.16846e+02
 -1.16861e+02
 -1.16875e+02
 -1.16889e+02
 -1.16903e+02
 -1.16918e+02
 -1.16932e+02
 -1.16946e+02
 -1.16960e+02
 -1.16975e+02
 -1.16989e+02
 -1.17003e+02
 -1.17017e+02
 -1.17032e+02
 -1.17046e+02
 -1.17060e+02
 -1.17074e+02
 -1.17089e+02
 -1.17103e+02
 -1.17117e+02
 -1.17132e+02
 -1.17146e+02
 -1.17160e+02
 -1.17174e+02
 -1.17189e+02
 -1.17203e+02
 -1.17217e+02
 -1.17231e+02
 -1.17246e+02
 -1.17260e+02
 -1.17274e+02
 -1.17289e+02
 -1.17303e+02
 -1.17317e+02
 -1.17331e+02
 -1.17346e+02
 -1.17360e+02
 -1.17374e+02
 -1.17388e+02
 -1.17403e+02
 -1.17417e+02
 -1.17431e+02
 -1.17446e+02
 -1.17460e+02
 -1.17474e+02
 -1.17488e+02
 -1.17503e+02
 -1.17517e+02
 -1.17531e+02
 -1.17546e+02
 -1.17560e+02
 -1.17574e+02
 -1.17588e+02
 -1.17603e+02
 -1.17617e+02
 -1.17631e+02
 -1.17646e+02
 -1.17660e+02
 -1.17674e+02
 -1.17688e+02
 -1.17703e+02
 -1.17717e+02
 -1.17731e+02
 -1.17746e+02
 -1.17760e+02
 -1.17774e+02
 -1.17789e+02
 -1.17803e+02
 -1.17817e+02
 -1.17831e+02
 -1.17846e+02
 -1.17860e+02
 -1.17874e+02
 -1.17889e+02
 -1.17903e+02
 -1.17917e+02
 -1.17931e+02
 -1.17946e+02
 -1.17960e+02
 -1.17974e+02
 -1.17989e+02
 -1.18003e+02
 -1.18017e+02
 -1.18032e+02
 -1.18046e+02
 -1.18060e+02
 -1.18074e+02
 -1.18089e+02
 -1.18103e+02
 -1.18117e+02
 -1.18132e+02
 -1.18146e+02
 -1.18160e+02
 -1.18175e+02
 -1.18189e+02
 -1.18203e+02
 -1.18218e+02
 -1.18232e+02
 -1.18246e+02
 -1.18260e+02
 -1.18275e+02
 -1.18289e+02
 -1.18303e+02
 -1.18318e+02
 -1.18332e+02
 -1.18346e+02
 -1.18361e+02
 -1.18375e+02
 -1.18389e+02
 -1.18404e+02
 -1.18418e+02
 -1.18432e+02
 -1.18446e+02
 -1.18461e+02
 -1.18475e+02
 -1.18489e+02
 -1.18504e+02
 -1.18518e+02
 -1.18532e+02
 -1.18547e+02
 -1.18561e+02
 -1.18575e+02
 -1.18590e+02
 -1.18604e+02
 -1.18618e+02
 -1.18633e+02
 -1.18647e+02
 -1.18661e+02
 -1.18675e+02
 -1.18690e+02
 -1.18704e+02
 -1.18718e+02
 -1.18733e+02
 -1.18747e+02
 -1.18761e+02
 -1.18776e+02
 -1.18790e+02
 -1.18804e+02
 -1.18819e+02
 -1.18833e+02
 -1.18847e+02
 -1.18862e+02
 -1.18876e+02
 -1.18890e+02
 -1.18905e+02
 -1.18919e+02
 -1.18933e+02
 -1.18947e+02
 -1.18962e+02
 -1.18976e+02
 -1.18990e+02
 -1.19005e+02
 -1.19019e+02
 -1.19033e+02
 -1.19048e+02
 -1.19062e+02
 -1.19076e+02
 -1.19091e+02
 -1.19105e+02
 -1.19119e+02
 -1.19134e+02
 -1.19148e+02
 -1.19162e+02
 -1.19177e+02
 -1.19191e+02
 -1.19205e+02
 -1.19220e+02
 -1.19234e+02
 -1.19248e+02
 -1.19263e+02
 -1.19277e+02
 -1.19291e+02
 -1.19305e+02
 -1.19320e+02
 -1.19334e+02
 -1.19348e+02
 -1.19363e+02
 -1.19377e+02
 -1.19391e+02
 -1.19406e+02
 -1.19420e+02
 -1.19434e+02
 -1.19449e+02
 -1.19463e+02
 -1.19477e+02
 -1.19492e+02
 -1.19506e+02
 -1.19520e+02
 -1.19535e+02
 -1.19549e+02
 -1.19563e+02
 -1.19578e+02
 -1.19592e+02
 -1.19606e+02
 -1.19621e+02
 -1.19635e+02
 -1.19649e+02
 -1.19664e+02
 -1.19678e+02
 -1.19692e+02
 -1.19707e+02
 -1.19721e+02
 -1.19735e+02
 -1.19749e+02
 -1.19764e+02
 -1.19778e+02
 -1.19792e+02
 -1.19807e+02
 -1.19821e+02
 -1.19835e+02
 -1.19850e+02
 -1.19864e+02
 -1.19878e+02
 -1.19893e+02
 -1.19907e+02
 -1.19921e+02
 -1.19936e+02
 -1.19950e+02
 -1.19964e+02
 -1.19979e+02
 -1.19993e+02
 -1.20007e+02
 -1.20022e+02
 -1.20036e+02
 -1.20050e+02
 -1.20065e+02
 -1.20079e+02
 -1.20093e+02
 -1.20107e+02
 -1.20122e+02
 -1.20136e+02
 -1.20150e+02
 -1.20165e+02
 -1.20179e+02
 -1.20193e+02
 -1.20208e+02
 -1.20222e+02
 -1.20236e+02
 -1.20251e+02
 -1.20265e+02
 -1.20279e+02
 -1.20294e+02
 -1.20308e+02
 -1.20322e+02
 -1.20337e+02
 -1.20351e+02
 -1.20365e+02
 -1.20380e+02
 -1.20394e+02
 -1.20408e+02
 -1.20422e+02
 -1.20437e+02
 -1.20451e+02
 -1.20465e+02
 -1.20480e+02
 -1.20494e+02
 -1.20508e+02
 -1.20523e+02
 -1.20537e+02
 -1.20551e+02
 -1.20566e+02
 -1.20580e+02
 -1.20594e+02
 -1.20609e+02
 -1.20623e+02
 -1.20637e+02
 -1.20651e+02
 -1.20666e+02
 -1.20680e+02
 -1.20694e+02
 -1.20709e+02
 -1.20723e+02
 -1.20737e+02
 -1.20752e+02
 -1.20766e+02
 -1.20780e+02
 -1.20795e+02
 -1.20809e+02
 -1.20823e+02
 -1.20837e+02
 -1.20852e+02
 -1.20866e+02
 -1.20880e+02
 -1.20895e+02
 -1.20909e+02
 -1.20923e+02
 -1.20938e+02
 -1.20952e+02
 -1.20966e+02
 -1.20981e+02
 -1.20995e+02
 -1.21009e+02
 -1.21023e+02
 -1.21038e+02
 -1.21052e+02
 -1.21066e+02
 -1.21081e+02
 -1.21095e+02
 -1.21109e+02
 -1.21124e+02
 -1.21138e+02
 -1.21152e+02
 -1.21166e+02
 -1.21181e+02
 -1.21195e+02
 -1.21209e+02
 -1.21224e+02
 -1.21238e+02
 -1.21252e+02
 -1.21267e+02
 -1.21281e+02
 -1.21295e+02
 -1.21309e+02
 -1.21324e+02
 -1.21338e+02
 -1.21352e+02
 -1.21367e+02
 -1.21381e+02
 -1.21395e+02
 -1.21410e+02
 -1.21424e+02
 -1.21438e+02
 -1.21452e+02
 -1.21467e+02
 -1.21481e+02
 -1.21495e+02
 -1.21510e+02
 -1.21524e+02
 -1.21538e+02
 -1.21552e+02
 -1.21567e+02
 -1.21581e+02
 -1.21595e+02
 -1.21610e+02
 -1.21624e+02
 -1.21638e+02
 -1.21652e+02
 -1.21667e+02
 -1.21681e+02
 -1.21695e+02
 -1.21710e+02
 -1.21724e+02
 -1.21738e+02
 -1.21752e+02
 -1.21767e+02
 -1.21781e+02
 -1.21795e+02
 -1.21810e+02
 -1.21824e+02
 -1.21838e+02
 -1.21852e+02
 -1.21867e+02
 -1.21881e+02
 -1.21895e+02
 -1.21910e+02
 -1.21924e+02
 -1.21938e+02
 -1.21952e+02
 -1.21967e+02
 -1.21981e+02
 -1.21995e+02
 -1.22009e+02
 -1.22024e+02
 -1.22038e+02
 -1.22052e+02
 -1.22067e+02
 -1.22081e+02
 -1.22095e+02
 -1.22109e+02
 -1.22124e+02
 -1.22138e+02
 -1.22152e+02
 -1.22166e+02
 -1.22181e+02
 -1.22195e+02
 -1.22209e+02
 -1.22223e+02
 -1.22238e+02
 -1.22252e+02
 -1.22266e+02
 -1.22280e+02
 -1.22295e+02
 -1.22309e+02
 -1.22323e+02
 -1.22338e+02
 -1.22352e+02
 -1.22366e+02
 -1.22380e+02
 -1.22395e+02
 -1.22409e+02
 -1.22423e+02
 -1.22437e+02
 -1.22452e+02
 -1.22466e+02
 -1.22480e+02
 -1.22494e+02
 -1.22509e+02
 -1.22523e+02
 -1.22537e+02
 -1.22551e+02
 -1.22566e+02
 -1.22580e+02
 -1.22594e+02
 -1.22608e+02
 -1.22623e+02
 -1.22637e+02
 -1.22651e+02
 -1.22665e+02
 -1.22680e+02
 -1.22694e+02
 -1.22708e+02
 -1.22722e+02
 -1.22737e+02
 -1.22751e+02
 -1.22765e+02
 -1.22779e+02
 -1.22793e+02
 -1.22808e+02
 -1.22822e+02
 -1.22836e+02
 -1.22850e+02
 -1.22865e+02
 -1.22879e+02
 -1.22893e+02
 -1.22907e+02
 -1.22922e+02
 -1.22936e+02
 -1.22950e+02
 -1.22964e+02
 -1.22978e+02
 -1.22993e+02
 -1.23007e+02
 -1.23021e+02
 -1.23035e+02
 -1.23050e+02
 -1.23064e+02
 -1.23078e+02
 -1.23092e+02
 -1.23107e+02
 -1.23121e+02
 -1.23135e+02
 -1.23149e+02
 -1.23163e+02
 -1.23178e+02
 -1.23192e+02
 -1.23206e+02
 -1.23220e+02
 -1.23234e+02
 -1.23249e+02
 -1.23263e+02
 -1.23277e+02
 -1.23291e+02
 -1.23306e+02
 -1.23320e+02
 -1.23334e+02
 -1.23348e+02
 -1.23362e+02
 -1.23377e+02
 -1.23391e+02
 -1.23405e+02
 -1.23419e+02
 -1.23433e+02
 -1.23448e+02
 -1.23462e+02
 -1.23476e+02
 -1.23490e+02
 -1.23504e+02
 -1.23519e+02
 -1.23533e+02
 -1.23547e+02
 -1.23561e+02
 -1.23575e+02
 -1.23590e+02
 -1.23604e+02
 -1.23618e+02
 -1.23632e+02
 -1.23646e+02
 -1.23660e+02
 -1.23675e+02
 -1.23689e+02
 -1.23703e+02
 -1.23717e+02
 -1.23731e+02
 -1.23746e+02
 -1.23760e+02
 -1.23774e+02
 -1.23788e+02
 -1.23802e+02
 -1.23817e+02
 -1.23831e+02
 -1.23845e+02
 -1.23859e+02
 -1.23873e+02
 -1.23887e+02
 -1.23902e+02
 -1.23916e+02
 -1.23930e+02
 -1.23944e+02
 