1.00000e+00
 9.99800e-01
 9.99600e-01
 9.99400e-01
 9.99200e-01
 9.99000e-01
 9.98801e-01
 9.98601e-01
 9.98401e-01
 9.98201e-01
 9.98002e-01
 9.97802e-01
 9.97603e-01
 9.97403e-01
 9.97204e-01
 9.97004e-01
 9.96805e-01
 9.96605e-01
 9.96406e-01
 9.96207e-01
 9.96008e-01
 9.95808e-01
 9.95609e-01
 9.95410e-01
 9.95211e-01
 9.95012e-01
 9.94813e-01
 9.94614e-01
 9.94415e-01
 9.94216e-01
 9.94018e-01
 9.93819e-01
 9.93620e-01
 9.93421e-01
 9.93223e-01
 9.93024e-01
 9.92826e-01
 9.92627e-01
 9.92428e-01
 9.92230e-01
 9.92032e-01
 9.91833e-01
 9.91635e-01
 9.91437e-01
 9.91238e-01
 9.91040e-01
 9.90842e-01
 9.90644e-01
 9.90446e-01
 9.90248e-01
 9.90050e-01
 9.89852e-01
 9.89654e-01
 9.89456e-01
 9.89258e-01
 9.89061e-01
 9.88863e-01
 9.88665e-01
 9.88467e-01
 9.88270e-01
 9.88072e-01
 9.87875e-01
 9.87677e-01
 9.87480e-01
 9.87282e-01
 9.87085e-01
 9.86888e-01
 9.86690e-01
 9.86493e-01
 9.86296e-01
 9.86099e-01
 9.85902e-01
 9.85705e-01
 9.85508e-01
 9.85311e-01
 9.85114e-01
 9.84917e-01
 9.84720e-01
 9.84523e-01
 9.84326e-01
 9.84130e-01
 9.83933e-01
 9.83736e-01
 9.83540e-01
 9.83343e-01
 9.83147e-01
 9.82950e-01
 9.82754e-01
 9.82558e-01
 9.82361e-01
 9.82165e-01
 9.81969e-01
 9.81773e-01
 9.81576e-01
 9.81380e-01
 9.81184e-01
 9.80988e-01
 9.80792e-01
 9.80596e-01
 9.80400e-01
 9.80205e-01
 9.80009e-01
 9.79813e-01
 9.79617e-01
 9.79422e-01
 9.79226e-01
 9.79030e-01
 9.78835e-01
 9.78639e-01
 9.78444e-01
 9.78248e-01
 9.78053e-01
 9.77858e-01
 9.77663e-01
 9.77467e-01
 9.77272e-01
 9.77077e-01
 9.76882e-01
 9.76687e-01
 9.76492e-01
 9.76297e-01
 9.76102e-01
 9.75907e-01
 9.75712e-01
 9.75517e-01
 9.75323e-01
 9.75128e-01
 9.74933e-01
 9.74739e-01
 9.74544e-01
 9.74350e-01
 9.74155e-01
 9.73961e-01
 9.73766e-01
 9.73572e-01
 9.73378e-01
 9.73184e-01
 9.72989e-01
 9.72795e-01
 9.72601e-01
 9.72407e-01
 9.72213e-01
 9.72019e-01
 9.71825e-01
 9.71631e-01
 9.71437e-01
 9.71244e-01
 9.71050e-01
 9.70856e-01
 9.70662e-01
 9.70469e-01
 9.70275e-01
 9.70082e-01
 9.69888e-01
 9.69695e-01
 9.69501e-01
 9.69308e-01
 9.69115e-01
 9.68922e-01
 9.68728e-01
 9.68535e-01
 9.68342e-01
 9.68149e-01
 9.67956e-01
 9.67763e-01
 9.67570e-01
 9.67377e-01
 9.67184e-01
 9.66992e-01
 9.66799e-01
 9.66606e-01
 9.66414e-01
 9.66221e-01
 9.66028e-01
 9.65836e-01
 9.65643e-01
 9.65451e-01
 9.65259e-01
 9.65066e-01
 9.64874e-01
 9.64682e-01
 9.64490e-01
 9.64297e-01
 9.64105e-01
 9.63913e-01
 9.63721e-01
 9.63529e-01
 9.63337e-01
 9.63146e-01
 9.62954e-01
 9.62762e-01
 9.62570e-01
 9.62379e-01
 9.62187e-01
 9.61995e-01
 9.61804e-01
 9.61612e-01
 9.61421e-01
 9.61230e-01
 9.61038e-01
 9.60847e-01
 9.60656e-01
 9.60465e-01
 9.60273e-01
 9.60082e-01
 9.59891e-01
 9.59700e-01
 9.59509e-01
 9.59318e-01
 9.59127e-01
 9.58937e-01
 9.58746e-01
 9.58555e-01
 9.58364e-01
 9.58174e-01
 9.57983e-01
 9.57793e-01
 9.57602e-01
 9.57412e-01
 9.57221e-01
 9.57031e-01
 9.56841e-01
 9.56651e-01
 9.56460e-01
 9.56270e-01
 9.56080e-01
 9.55890e-01
 9.55700e-01
 9.55510e-01
 9.55320e-01
 9.55130e-01
 9.54940e-01
 9.54751e-01
 9.54561e-01
 9.54371e-01
 9.54182e-01
 9.53992e-01
 9.53803e-01
 9.53613e-01
 9.53424e-01
 9.53234e-01
 9.53045e-01
 9.52856e-01
 9.52666e-01
 9.52477e-01
 9.52288e-01
 9.52099e-01
 9.51910e-01
 9.51721e-01
 9.51532e-01
 9.51343e-01
 9.51154e-01
 9.50966e-01
 9.50777e-01
 9.50588e-01
 9.50400e-01
 9.50211e-01
 9.50022e-01
 9.49834e-01
 9.49645e-01
 9.49457e-01
 9.49269e-01
 9.49080e-01
 9.48892e-01
 9.48704e-01
 9.48516e-01
 9.48328e-01
 9.48140e-01
 9.47952e-01
 9.47764e-01
 9.47576e-01
 9.47388e-01
 9.47200e-01
 9.47012e-01
 9.46825e-01
 9.46637e-01
 9.46449e-01
 9.46262e-01
 9.46074e-01
 9.45887e-01
 9.45699e-01
 9.45512e-01
 9.45325e-01
 9.45137e-01
 9.44950e-01
 9.44763e-01
 9.44576e-01
 9.44389e-01
 9.44202e-01
 9.44015e-01
 9.43828e-01
 9.43641e-01
 9.43454e-01
 9.43267e-01
 9.43081e-01
 9.42894e-01
 9.42707e-01
 9.42521e-01
 9.42334e-01
 9.42148e-01
 9.41961e-01
 9.41775e-01
 9.41589e-01
 9.41403e-01
 9.41216e-01
 9.41030e-01
 9.40844e-01
 9.40658e-01
 9.40472e-01
 9.40286e-01
 9.40100e-01
 9.39914e-01
 9.39728e-01
 9.39543e-01
 9.39357e-01
 9.39171e-01
 9.38986e-01
 9.38800e-01
 9.38615e-01
 9.38429e-01
 9.38244e-01
 9.38058e-01
 9.37873e-01
 9.37688e-01
 9.37503e-01
 9.37317e-01
 9.37132e-01
 9.36947e-01
 9.36762e-01
 9.36577e-01
 9.36393e-01
 9.36208e-01
 9.36023e-01
 9.35838e-01
 9.35653e-01
 9.35469e-01
 9.35284e-01
 9.35100e-01
 9.34915e-01
 9.34731e-01
 9.34546e-01
 9.34362e-01
 9.34178e-01
 9.33994e-01
 9.33809e-01
 9.33625e-01
 9.33441e-01
 9.33257e-01
 9.33073e-01
 9.32889e-01
 9.32705e-01
 9.32522e-01
 9.32338e-01
 9.32154e-01
 9.31970e-01
 9.31787e-01
 9.31603e-01
 9.31420e-01
 9.31236e-01
 9.31053e-01
 9.30870e-01
 9.30686e-01
 9.30503e-01
 9.30320e-01
 9.30137e-01
 9.29954e-01
 9.29770e-01
 9.29587e-01
 9.29405e-01
 9.29222e-01
 9.29039e-01
 9.28856e-01
 9.28673e-01
 9.28491e-01
 9.28308e-01
 9.28125e-01
 9.27943e-01
 9.27760e-01
 9.27578e-01
 9.27396e-01
 9.27213e-01
 9.27031e-01
 9.26849e-01
 9.26667e-01
 9.26485e-01
 9.26303e-01
 9.26121e-01
 9.25939e-01
 9.25757e-01
 9.25575e-01
 9.25393e-01
 9.25211e-01
 9.25030e-01
 9.24848e-01
 9.24667e-01
 9.24485e-01
 9.24304e-01
 9.24122e-01
 9.23941e-01
 9.23759e-01
 9.23578e-01
 9.23397e-01
 9.23216e-01
 9.23035e-01
 9.22854e-01
 9.22673e-01
 9.22492e-01
 9.22311e-01
 9.22130e-01
 9.21949e-01
 9.21769e-01
 9.21588e-01
 9.21407e-01
 9.21227e-01
 9.21046e-01
 9.20866e-01
 9.20685e-01
 9.20505e-01
 9.20325e-01
 9.20144e-01
 9.19964e-01
 9.19784e-01
 9.19604e-01
 9.19424e-01
 9.19244e-01
 9.19064e-01
 9.18884e-01
 9.18704e-01
 9.18525e-01
 9.18345e-01
 9.18165e-01
 9.17986e-01
 9.17806e-01
 9.17627e-01
 9.17447e-01
 9.17268e-01
 9.17088e-01
 9.16909e-01
 9.16730e-01
 9.16551e-01
 9.16372e-01
 9.16192e-01
 9.16013e-01
 9.15835e-01
 9.15656e-01
 9.15477e-01
 9.15298e-01
 9.15119e-01
 9.14940e-01
 9.14762e-01
 9.14583e-01
 9.14405e-01
 9.14226e-01
 9.14048e-01
 9.13869e-01
 9.13691e-01
 9.13513e-01
 9.13335e-01
 9.13157e-01
 9.12978e-01
 9.12800e-01
 9.12622e-01
 9.12444e-01
 9.12267e-01
 9.12089e-01
 9.11911e-01
 9.11733e-01
 9.11556e-01
 9.11378e-01
 9.11200e-01
 9.11023e-01
 9.10845e-01
 9.10668e-01
 9.10491e-01
 9.10313e-01
 9.10136e-01
 9.09959e-01
 9.09782e-01
 9.09605e-01
 9.09428e-01
 9.09251e-01
 9.09074e-01
 9.08897e-01
 9.08720e-01
 9.08544e-01
 9.08367e-01
 9.08190e-01
 9.08014e-01
 9.07837e-01
 9.07661e-01
 9.07484e-01
 9.07308e-01
 9.07132e-01
 9.06955e-01
 9.06779e-01
 9.06603e-01
 9.06427e-01
 9.06251e-01
 9.06075e-01
 9.05899e-01
 9.05723e-01
 9.05548e-01
 9.05372e-01
 9.05196e-01
 9.05020e-01
 9.04845e-01
 9.04669e-01
 9.04494e-01
 9.04318e-01
 9.04143e-01
 9.03968e-01
 9.03793e-01
 9.03617e-01
 9.03442e-01
 9.03267e-01
 9.03092e-01
 9.02917e-01
 9.02742e-01
 9.02567e-01
 9.02392e-01
 9.02218e-01
 9.02043e-01
 9.01868e-01
 9.01694e-01
 9.01519e-01
 9.01345e-01
 9.01170e-01
 9.00996e-01
 9.00822e-01
 9.00647e-01
 9.00473e-01
 9.00299e-01
 9.00125e-01
 8.99951e-01
 8.99777e-01
 8.99603e-01
 8.99429e-01
 8.99255e-01
 8.99082e-01
 8.98908e-01
 8.98734e-01
 8.98561e-01
 8.98387e-01
 8.98214e-01
 8.98040e-01
 8.97867e-01
 8.97694e-01
 8.97520e-01
 8.97347e-01
 8.97174e-01
 8.97001e-01
 8.96828e-01
 8.96655e-01
 8.96482e-01
 8.96309e-01
 8.96136e-01
 8.95964e-01
 8.95791e-01
 8.95618e-01
 8.95446e-01
 8.95273e-01
 8.95101e-01
 8.94928e-01
 8.94756e-01
 8.94584e-01
 8.94411e-01
 8.94239e-01
 8.94067e-01
 8.93895e-01
 8.93723e-01
 8.93551e-01
 8.93379e-01
 8.93207e-01
 8.93036e-01
 8.92864e-01
 8.92692e-01
 8.92521e-01
 8.92349e-01
 8.92177e-01
 8.92006e-01
 8.91835e-01
 8.91663e-01
 8.91492e-01
 8.91321e-01
 8.91150e-01
 8.90979e-01
 8.90807e-01
 8.90636e-01
 8.90466e-01
 8.90295e-01
 8.90124e-01
 8.89953e-01
 8.89782e-01
 8.89612e-01
 8.89441e-01
 8.89270e-01
 8.89100e-01
 8.88930e-01
 8.88759e-01
 8.88589e-01
 8.88419e-01
 8.88248e-01
 8.88078e-01
 8.87908e-01
 8.87738e-01
 8.87568e-01
 8.87398e-01
 8.87228e-01
 8.87059e-01
 8.86889e-01
 8.86719e-01
 8.86550e-01
 8.86380e-01
 8.86210e-01
 8.86041e-01
 8.85872e-01
 8.85702e-01
 8.85533e-01
 8.85364e-01
 8.85194e-01
 8.85025e-01
 8.84856e-01
 8.84687e-01
 8.84518e-01
 8.84349e-01
 8.84181e-01
 8.84012e-01
 8.83843e-01
 8.83674e-01
 8.83506e-01
 8.83337e-01
 8.83169e-01
 8.83000e-01
 8.82832e-01
 8.82664e-01
 8.82495e-01
 8.82327e-01
 8.82159e-01
 8.81991e-01
 8.81823e-01
 8.81655e-01
 8.81487e-01
 8.81319e-01
 8.81151e-01
 8.80984e-01
 8.80816e-01
 8.80648e-01
 8.80481e-01
 8.80313e-01
 8.80146e-01
 8.79978e-01
 8.79811e-01
 8.79644e-01
 8.79476e-01
 8.79309e-01
 8.79142e-01
 8.78975e-01
 8.78808e-01
 8.78641e-01
 8.78474e-01
 8.78308e-01
 8.78141e-01
 8.77974e-01
 8.77807e-01
 8.77641e-01
 8.77474e-01
 8.77308e-01
 8.77141e-01
 8.76975e-01
 8.76809e-01
 8.76642e-01
 8.76476e-01
 8.76310e-01
 8.76144e-01
 8.75978e-01
 8.75812e-01
 8.75646e-01
 8.75480e-01
 8.75315e-01
 8.75149e-01
 8.74983e-01
 8.74818e-01
 8.74652e-01
 8.74486e-01
 8.74321e-01
 8.74156e-01
 8.73990e-01
 8.73825e-01
 8.73660e-01
 8.73495e-01
 8.73330e-01
 8.73165e-01
 8.73000e-01
 8.72835e-01
 8.72670e-01
 8.72505e-01
 8.72340e-01
 8.72176e-01
 8.72011e-01
 8.71846e-01
 8.71682e-01
 8.71518e-01
 8.71353e-01
 8.71189e-01
 8.71025e-01
 8.70860e-01
 8.70696e-01
 8.70532e-01
 8.70368e-01
 8.70204e-01
 8.70040e-01
 8.69876e-01
 8.69712e-01
 8.69549e-01
 8.69385e-01
 8.69221e-01
 8.69058e-01
 8.68894e-01
 8.68731e-01
 8.68567e-01
 8.68404e-01
 8.68241e-01
 8.68078e-01
 8.67914e-01
 8.67751e-01
 8.67588e-01
 8.67425e-01
 8.67262e-01
 8.67100e-01
 8.66937e-01
 8.66774e-01
 8.66611e-01
 8.66449e-01
 8.66286e-01
 8.66124e-01
 8.65961e-01
 8.65799e-01
 8.65636e-01
 8.65474e-01
 8.65312e-01
 8.65150e-01
 8.64988e-01
 8.64825e-01
 8.64663e-01
 8.64502e-01
 8.64340e-01
 8.64178e-01
 8.64016e-01
 8.63854e-01
 8.63693e-01
 8.63531e-01
 8.63370e-01
 8.63208e-01
 8.63047e-01
 8.62885e-01
 8.62724e-01
 8.62563e-01
 8.62402e-01
 8.62241e-01
 8.62080e-01
 8.61919e-01
 8.61758e-01
 8.61597e-01
 8.61436e-01
 8.61275e-01
 8.61115e-01
 8.60954e-01
 8.60793e-01
 8.60633e-01
 8.60472e-01
 8.60312e-01
 8.60152e-01
 8.59991e-01
 8.59831e-01
 8.59671e-01
 8.59511e-01
 8.59351e-01
 8.59191e-01
 8.59031e-01
 8.58871e-01
 8.58711e-01
 8.58551e-01
 8.58392e-01
 8.58232e-01
 8.58072e-01
 8.57913e-01
 8.57753e-01
 8.57594e-01
 8.57435e-01
 8.57275e-01
 8.57116e-01
 8.56957e-01
 8.56798e-01
 8.56639e-01
 8.56480e-01
 8.56321e-01
 8.56162e-01
 8.56003e-01
 8.55845e-01
 8.55686e-01
 8.55527e-01
 8.55369e-01
 8.55210e-01
 8.55052e-01
 8.54893e-01
 8.54735e-01
 8.54577e-01
 8.54418e-01
 8.54260e-01
 8.54102e-01
 8.53944e-01
 8.53786e-01
 8.53628e-01
 8.53470e-01
 8.53313e-01
 8.53155e-01
 8.52997e-01
 8.52840e-01
 8.52682e-01
 8.52524e-01
 8.52367e-01
 8.52210e-01
 8.52052e-01
 8.51895e-01
 8.51738e-01
 8.51581e-01
 8.51424e-01
 8.51267e-01
 8.51110e-01
 8.50953e-01
 8.50796e-01
 8.50639e-01
 8.50482e-01
 8.50326e-01
 8.50169e-01
 8.50012e-01
 8.49856e-01
 8.49700e-01
 8.49543e-01
 8.49387e-01
 8.49231e-01
 8.49074e-01
 8.48918e-01
 8.48762e-01
 8.48606e-01
 8.48450e-01
 8.48294e-01
 8.48138e-01
 8.47983e-01
 8.47827e-01
 8.47671e-01
 8.47516e-01
 8.47360e-01
 8.47205e-01
 8.47049e-01
 8.46894e-01
 8.46739e-01
 8.46583e-01
 8.46428e-01
 8.46273e-01
 8.46118e-01
 8.45963e-01
 8.45808e-01
 8.45653e-01
 8.45498e-01
 8.45344e-01
 8.45189e-01
 8.45034e-01
 8.44880e-01
 8.44725e-01
 8.44571e-01
 8.44416e-01
 8.44262e-01
 8.44108e-01
 8.43953e-01
 8.43799e-01
 8.43645e-01
 8.43491e-01
 8.43337e-01
 8.43183e-01
 8.43029e-01
 8.42875e-01
 8.42722e-01
 8.42568e-01
 8.42414e-01
 8.42261e-01
 8.42107e-01
 8.41954e-01
 8.41800e-01
 8.41647e-01
 8.41494e-01
 8.41341e-01
 8.41187e-01
 8.41034e-01
 8.40881e-01
 8.40728e-01
 8.40575e-01
 8.40423e-01
 8.40270e-01
 8.40117e-01
 8.39964e-01
 8.39812e-01
 8.39659e-01
 8.39507e-01
 8.39354e-01
 8.39202e-01
 8.39050e-01
 8.38897e-01
 8.38745e-01
 8.38593e-01
 8.38441e-01
 8.38289e-01
 8.38137e-01
 8.37985e-01
 8.37833e-01
 8.37681e-01
 8.37530e-01
 8.37378e-01
 8.37226e-01
 8.37075e-01
 8.36923e-01
 8.36772e-01
 8.36621e-01
 8.36469e-01
 8.36318e-01
 8.36167e-01
 8.36016e-01
 8.35865e-01
 8.35714e-01
 8.35563e-01
 8.35412e-01
 8.35261e-01
 8.35110e-01
 8.34960e-01
 8.34809e-01
 8.34658e-01
 8.34508e-01
 8.34357e-01
 8.34207e-01
 8.34057e-01
 8.33906e-01
 8.33756e-01
 8.33606e-01
 8.33456e-01
 8.33306e-01
 8.33156e-01
 8.33006e-01
 8.32856e-01
 8.32706e-01
 8.32557e-01
 8.32407e-01
 8.32257e-01
 8.32108e-01
 8.31958e-01
 8.31809e-01
 8.31659e-01
 8.31510e-01
 8.31361e-01
 8.31212e-01
 8.31062e-01
 8.30913e-01
 8.30764e-01
 8.30615e-01
 8.30467e-01
 8.30318e-01
 8.30169e-01
 8.30020e-01
 8.29872e-01
 8.29723e-01
 8.29574e-01
 8.29426e-01
 8.29278e-01
 8.29129e-01
 8.28981e-01
 8.28833e-01
 8.28684e-01
 8.28536e-01
 8.28388e-01
 8.28240e-01
 8.28092e-01
 8.27944e-01
 8.27797e-01
 8.27649e-01
 8.27501e-01
 8.27354e-01
 8.27206e-01
 8.27058e-01
 8.26911e-01
 8.26764e-01
 8.26616e-01
 8.26469e-01
 8.26322e-01
 8.26175e-01
 8.26028e-01
 8.25880e-01
 8.25733e-01
 8.25587e-01
 8.25440e-01
 8.25293e-01
 8.25146e-01
 8.25000e-01
 8.24853e-01
 8.24706e-01
 8.24560e-01
 8.24413e-01
 8.24267e-01
 8.24121e-01
 8.23974e-01
 8.23828e-01
 8.23682e-01
 8.23536e-01
 8.23390e-01
 8.23244e-01
 8.23098e-01
 8.22952e-01
 8.22807e-01
 8.22661e-01
 8.22515e-01
 8.22370e-01
 8.22224e-01
 8.22079e-01
 8.21933e-01
 8.21788e-01
 8.21643e-01
 8.21497e-01
 8.21352e-01
 8.21207e-01
 8.21062e-01
 8.20917e-01
 8.20772e-01
 8.20627e-01
 8.20482e-01
 8.20338e-01
 8.20193e-01
 8.20048e-01
 8.19904e-01
 8.19759e-01
 8.19615e-01
 8.19470e-01
 8.19326e-01
 8.19182e-01
 8.19038e-01
 8.18893e-01
 8.18749e-01
 8.18605e-01
 8.18461e-01
 8.18317e-01
 8.18174e-01
 8.18030e-01
 8.17886e-01
 8.17742e-01
 8.17599e-01
 8.17455e-01
 8.17312e-01
 8.17168e-01
 8.17025e-01
 8.16882e-01
 8.16738e-01
 8.16595e-01
 8.16452e-01
 8.16309e-01
 8.16166e-01
 8.16023e-01
 8.15880e-01
 8.15737e-01
 8.15595e-01
 8.15452e-01
 8.15309e-01
 8.15167e-01
 8.15024e-01
 8.14882e-01
 8.14739e-01
 8.14597e-01
 8.14455e-01
 8.14312e-01
 8.14170e-01
 8.14028e-01
 8.13886e-01
 8.13744e-01
 8.13602e-01
 8.13460e-01
 8.13319e-01
 8.13177e-01
 8.13035e-01
 8.12893e-01
 8.12752e-01
 8.12610e-01
 8.12469e-01
 8.12328e-01
 8.12186e-01
 8.12045e-01
 8.11904e-01
 8.11763e-01
 8.11622e-01
 8.11481e-01
 8.11340e-01
 8.11199e-01
 8.11058e-01
 8.10917e-01
 8.10776e-01
 8.10636e-01
 8.10495e-01
 8.10355e-01
 8.10214e-01
 8.10074e-01
 8.09933e-01
 8.09793e-01
 8.09653e-01
 8.09513e-01
 8.09372e-01
 8.09232e-01
 8.09092e-01
 8.08952e-01
 8.08813e-01
 8.08673e-01
 8.08533e-01
 8.08393e-01
 8.08254e-01
 8.08114e-01
 8.07975e-01
 8.07835e-01
 8.07696e-01
 8.07556e-01
 8.07417e-01
 8.07278e-01
 8.07139e-01
 8.07000e-01
 8.06860e-01
 8.06722e-01
 8.06583e-01
 8.06444e-01
 8.06305e-01
 8.06166e-01
 8.06028e-01
 8.05889e-01
 8.05750e-01
 8.05612e-01
 8.05473e-01
 8.05335e-01
 8.05197e-01
 8.05058e-01
 8.04920e-01
 8.04782e-01
 8.04644e-01
 8.04506e-01
 8.04368e-01
 8.04230e-01
 8.04092e-01
 8.03954e-01
 8.03817e-01
 8.03679e-01
 8.03542e-01
 8.03404e-01
 8.03266e-01
 8.03129e-01
 8.02992e-01
 8.02854e-01
 8.02717e-01
 8.02580e-01
 8.02443e-01
 8.02306e-01
 8.02169e-01
 8.02032e-01
 8.01895e-01
 8.01758e-01
 8.01621e-01
 8.01485e-01
 8.01348e-01
 8.01211e-01
 8.01075e-01
 8.00938e-01
 8.00802e-01
 8.00666e-01
 8.00529e-01
 8.00393e-01
 8.00257e-01
 8.00121e-01
 7.99985e-01
 7.99849e-01
 7.99713e-01
 7.99577e-01
 7.99441e-01
 7.99306e-01
 7.99170e-01
 7.99034e-01
 7.98899e-01
 7.98763e-01
 7.98628e-01
 7.98492e-01
 7.98357e-01
 7.98222e-01
 7.98087e-01
 7.97951e-01
 7.97816e-01
 7.97681e-01
 7.97546e-01
 7.97411e-01
 7.97277e-01
 7.97142e-01
 7.97007e-01
 7.96872e-01
 7.96738e-01
 7.96603e-01
 7.96469e-01
 7.96334e-01
 7.96200e-01
 7.96066e-01
 7.95931e-01
 7.95797e-01
 7.95663e-01
 7.95529e-01
 7.95395e-01
 7.95261e-01
 7.95127e-01
 7.94993e-01
 7.94860e-01
 7.94726e-01
 7.94592e-01
 7.94459e-01
 7.94325e-01
 7.94192e-01
 7.94058e-01
 7.93925e-01
 7.93792e-01
 7.93658e-01
 7.93525e-01
 7.93392e-01
 7.93259e-01
 7.93126e-01
 7.92993e-01
 7.92860e-01
 7.92727e-01
 7.92595e-01
 7.92462e-01
 7.92329e-01
 7.92197e-01
 7.92064e-01
 7.91932e-01
 7.91799e-01
 7.91667e-01
 7.91535e-01
 7.91402e-01
 7.91270e-01
 7.91138e-01
 7.91006e-01
 7.90874e-01
 7.90742e-01
 7.90610e-01
 7.90478e-01
 7.90347e-01
 7.90215e-01
 7.90083e-01
 7.89952e-01
 7.89820e-01
 7.89689e-01
 7.89557e-01
 7.89426e-01
 7.89295e-01
 7.89164e-01
 7.89033e-01
 7.88901e-01
 7.88770e-01
 7.88639e-01
 7.88509e-01
 7.88378e-01
 7.88247e-01
 7.88116e-01
 7.87985e-01
 7.87855e-01
 7.87724e-01
 7.87594e-01
 7.87463e-01
 7.87333e-01
 7.87203e-01
 7.87072e-01
 7.86942e-01
 7.86812e-01
 7.86682e-01
 7.86552e-01
 7.86422e-01
 7.86292e-01
 7.86162e-01
 7.86032e-01
 7.85903e-01
 7.85773e-01
 7.85643e-01
 7.85514e-01
 7.85384e-01
 7.85255e-01
 7.85126e-01
 7.84996e-01
 7.84867e-01
 7.84738e-01
 7.84609e-01
 7.84480e-01
 7.84351e-01
 7.84222e-01
 7.84093e-01
 7.83964e-01
 7.83835e-01
 7.83706e-01
 7.83578e-01
 7.83449e-01
 7.83321e-01
 7.83192e-01
 7.83064e-01
 7.82935e-01
 7.82807e-01
 7.82679e-01
 7.82551e-01
 7.82422e-01
 7.82294e-01
 7.82166e-01
 7.82038e-01
 7.81910e-01
 7.81783e-01
 7.81655e-01
 7.81527e-01
 7.81399e-01
 7.81272e-01
 7.81144e-01
 7.81017e-01
 7.80889e-01
 7.80762e-01
 7.80635e-01
 7.80507e-01
 7.80380e-01
 7.80253e-01
 7.80126e-01
 7.79999e-01
 7.79872e-01
 7.79745e-01
 7.79618e-01
 7.79492e-01
 7.79365e-01
 7.79238e-01
 7.79112e-01
 7.78985e-01
 7.78859e-01
 7.78732e-01
 7.78606e-01
 7.78480e-01
 7.78353e-01
 7.78227e-01
 7.78101e-01
 7.77975e-01
 7.77849e-01
 7.77723e-01
 7.77597e-01
 7.77471e-01
 7.77345e-01
 7.77220e-01
 7.77094e-01
 7.76969e-01
 7.76843e-01
 7.76717e-01
 7.76592e-01
 7.76467e-01
 7.76341e-01
 7.76216e-01
 7.76091e-01
 7.75966e-01
 7.75841e-01
 7.75716e-01
 7.75591e-01
 7.75466e-01
 7.75341e-01
 7.75216e-01
 7.75092e-01
 7.74967e-01
 7.74842e-01
 7.74718e-01
 7.74593e-01
 7.74469e-01
 7.74345e-01
 7.74220e-01
 7.74096e-01
 7.73972e-01
 7.73848e-01
 7.73724e-01
 7.73600e-01
 7.73476e-01
 7.73352e-01
 7.73228e-01
 7.73104e-01
 7.72980e-01
 7.72857e-01
 7.72733e-01
 7.72610e-01
 7.72486e-01
 7.72363e-01
 7.72239e-01
 7.72116e-01
 7.71993e-01
 7.71869e-01
 7.71746e-01
 7.71623e-01
 7.71500e-01
 7.71377e-01
 7.71254e-01
 7.71131e-01
 7.71009e-01
 7.70886e-01
 7.70763e-01
 7.70641e-01
 7.70518e-01
 7.70396e-01
 7.70273e-01
 7.70151e-01
 7.70028e-01
 7.69906e-01
 7.69784e-01
 7.69662e-01
 7.69540e-01
 7.69418e-01
 7.69296e-01
 7.69174e-01
 7.69052e-01
 7.68930e-01
 7.68808e-01
 7.68687e-01
 7.68565e-01
 7.68444e-01
 7.68322e-01
 7.68201e-01
 7.68079e-01
 7.67958e-01
 7.67837e-01
 7.67715e-01
 7.67594e-01
 7.67473e-01
 7.67352e-01
 7.67231e-01
 7.67110e-01
 7.66989e-01
 7.66868e-01
 7.66748e-01
 7.66627e-01
 7.66506e-01
 7.66386e-01
 7.66265e-01
 7.66145e-01
 7.66024e-01
 7.65904e-01
 7.65784e-01
 7.65663e-01
 7.65543e-01
 7.65423e-01
 7.65303e-01
 7.65183e-01
 7.65063e-01
 7.64943e-01
 7.64823e-01
 7.64704e-01
 7.64584e-01
 7.64464e-01
 7.64345e-01
 7.64225e-01
 7.64106e-01
 7.63986e-01
 7.63867e-01
 7.63748e-01
 7.63628e-01
 7.63509e-01
 7.63390e-01
 7.63271e-01
 7.63152e-01
 7.63033e-01
 7.62914e-01
 7.62795e-01
 7.62676e-01
 7.62558e-01
 7.62439e-01
 7.62320e-01
 7.62202e-01
 7.62083e-01
 7.61965e-01
 7.61846e-01
 7.61728e-01
 7.61610e-01
 7.61492e-01
 7.61373e-01
 7.61255e-01
 7.61137e-01
 7.61019e-01
 7.60901e-01
 7.60784e-01
 7.60666e-01
 7.60548e-01
 7.60430e-01
 7.60313e-01
 7.60195e-01
 7.60078e-01
 7.59960e-01
 7.59843e-01
 7.59725e-01
 7.59608e-01
 7.59491e-01
 7.59374e-01
 7.59256e-01
 7.59139e-01
 7.59022e-01
 7.58905e-01
 7.58788e-01
 7.58672e-01
 7.58555e-01
 7.58438e-01
 7.58321e-01
 7.58205e-01
 7.58088e-01
 7.57972e-01
 7.57855e-01
 7.57739e-01
 7.57623e-01
 7.57506e-01
 7.57390e-01
 7.57274e-01
 7.57158e-01
 7.57042e-01
 7.56926e-01
 7.56810e-01
 7.56694e-01
 7.56578e-01
 7.56463e-01
 7.56347e-01
 7.56231e-01
 7.56116e-01
 7.56000e-01
 7.55885e-01
 7.55769e-01
 7.55654e-01
 7.55539e-01
 7.55423e-01
 7.55308e-01
 7.55193e-01
 7.55078e-01
 7.54963e-01
 7.54848e-01
 7.54733e-01
 7.54618e-01
 7.54503e-01
 7.54389e-01
 7.54274e-01
 7.54159e-01
 7.54045e-01
 7.53930e-01
 7.53816e-01
 7.53701e-01
 7.53587e-01
 7.53473e-01
 7.53359e-01
 7.53244e-01
 7.53130e-01
 7.53016e-01
 7.52902e-01
 7.52788e-01
 7.52674e-01
 7.52561e-01
 7.52447e-01
 7.52333e-01
 7.52220e-01
 7.52106e-01
 7.51992e-01
 7.51879e-01
 7.51765e-01
 7.51652e-01
 7.51539e-01
 7.51425e-01
 7.51312e-01
 7.51199e-01
 7.51086e-01
 7.50973e-01
 7.50860e-01
 7.50747e-01
 7.50634e-01
 7.50521e-01
 7.50409e-01
 7.50296e-01
 7.50183e-01
 7.50071e-01
 7.49958e-01
 7.49846e-01
 7.49733e-01
 7.49621e-01
 7.49509e-01
 7.49396e-01
 7.49284e-01
 7.49172e-01
 7.49060e-01
 7.48948e-01
 7.48836e-01
 7.48724e-01
 7.48612e-01
 7.48500e-01
 7.48389e-01
 7.48277e-01
 7.48165e-01
 7.48054e-01
 7.47942e-01
 7.47831e-01
 7.47719e-01
 7.47608e-01
 7.47497e-01
 7.47386e-01
 7.47274e-01
 7.47163e-01
 7.47052e-01
 7.46941e-01
 7.46830e-01
 7.46719e-01
 7.46608e-01
 7.46498e-01
 7.46387e-01
 7.46276e-01
 7.46166e-01
 7.46055e-01
 7.45945e-01
 7.45834e-01
 7.45724e-01
 7.45613e-01
 7.45503e-01
 7.45393e-01
 7.45283e-01
 7.45173e-01
 7.45062e-01
 7.44952e-01
 7.44842e-01
 7.44733e-01
 7.44623e-01
 7.44513e-01
 7.44403e-01
 7.44294e-01
 7.44184e-01
 7.44074e-01
 7.43965e-01
 7.43855e-01
 7.43746e-01
 7.43637e-01
 7.43527e-01
 7.43418e-01
 7.43309e-01
 7.43200e-01
 7.43091e-01
 7.42982e-01
 7.42873e-01
 7.42764e-01
 7.42655e-01
 7.42546e-01
 7.42438e-01
 7.42329e-01
 7.42220e-01
 7.42112e-01
 7.42003e-01
 7.41895e-01
 7.41786e-01
 7.41678e-01
 7.41570e-01
 7.41461e-01
 7.41353e-01
 7.41245e-01
 7.41137e-01
 7.41029e-01
 7.40921e-01
 7.40813e-01
 7.40705e-01
 7.40598e-01
 7.40490e-01
 7.40382e-01
 7.40274e-01
 7.40167e-01
 7.40059e-01
 7.39952e-01
 7.39845e-01
 7.39737e-01
 7.39630e-01
 7.39523e-01
 7.39415e-01
 7.39308e-01
 7.39201e-01
 7.39094e-01
 7.38987e-01
 7.38880e-01
 7.38773e-01
 7.38667e-01
 7.38560e-01
 7.38453e-01
 7.38347e-01
 7.38240e-01
 7.38133e-01
 7.38027e-01
 7.37921e-01
 7.37814e-01
 7.37708e-01
 7.37602e-01
 7.37495e-01
 7.37389e-01
 7.37283e-01
 7.37177e-01
 7.37071e-01
 7.36965e-01
 7.36859e-01
 7.36753e-01
 7.36648e-01
 7.36542e-01
 7.36436e-01
 7.36331e-01
 7.36225e-01
 7.36120e-01
 7.36014e-01
 7.35909e-01
 7.35804e-01
 7.35698e-01
 7.35593e-01
 7.35488e-01
 7.35383e-01
 7.35278e-01
 7.35173e-01
 7.35068e-01
 7.34963e-01
 7.34858e-01
 7.34753e-01
 7.34649e-01
 7.34544e-01
 7.34439e-01
 7.34335e-01
 7.34230e-01
 7.34126e-01
 7.34021e-01
 7.33917e-01
 7.33813e-01
 7.33708e-01
 7.33604e-01
 7.33500e-01
 7.33396e-01
 7.33292e-01
 7.33188e-01
 7.33084e-01
 7.32980e-01
 7.32876e-01
 7.32773e-01
 7.32669e-01
 7.32565e-01
 7.32462e-01
 7.32358e-01
 7.32255e-01
 7.32151e-01
 7.32048e-01
 7.31945e-01
 7.31841e-01
 7.31738e-01
 7.31635e-01
 7.31532e-01
 7.31429e-01
 7.31326e-01
 7.31223e-01
 7.31120e-01
 7.31017e-01
 7.30914e-01
 7.30811e-01
 7.30709e-01
 7.30606e-01
 7.30504e-01
 7.30401e-01
 7.30299e-01
 7.30196e-01
 7.30094e-01
 7.29992e-01
 7.29889e-01
 7.29787e-01
 7.29685e-01
 7.29583e-01
 7.29481e-01
 7.29379e-01
 7.29277e-01
 7.29175e-01
 7.29073e-01
 7.28971e-01
 7.28870e-01
 7.28768e-01
 7.28666e-01
 7.28565e-01
 7.28463e-01
 7.28362e-01
 7.28261e-01
 7.28159e-01
 7.28058e-01
 7.27957e-01
 7.27856e-01
 7.27754e-01
 7.27653e-01
 7.27552e-01
 7.27451e-01
 7.27350e-01
 7.27250e-01
 7.27149e-01
 7.27048e-01
 7.26947e-01
 7.26847e-01
 7.26746e-01
 7.26645e-01
 7.26545e-01
 7.26445e-01
 7.26344e-01
 7.26244e-01
 7.26144e-01
 7.26043e-01
 7.25943e-01
 7.25843e-01
 7.25743e-01
 7.25643e-01
 7.25543e-01
 7.25443e-01
 7.25343e-01
 7.25243e-01
 7.25144e-01
 7.25044e-01
 7.24944e-01
 7.24845e-01
 7.24745e-01
 7.24646e-01
 7.24546e-01
 7.24447e-01
 7.24348e-01
 7.24248e-01
 7.24149e-01
 7.24050e-01
 7.23951e-01
 7.23852e-01
 7.23753e-01
 7.23654e-01
 7.23555e-01
 7.23456e-01
 7.23357e-01
 7.23258e-01
 7.23160e-01
 7.23061e-01
 7.22963e-01
 7.22864e-01
 7.22766e-01
 7.22667e-01
 7.22569e-01
 7.22470e-01
 7.22372e-01
 7.22274e-01
 7.22176e-01
 7.22078e-01
 7.21980e-01
 7.21882e-01
 7.21784e-01
 7.21686e-01
 7.21588e-01
 7.21490e-01
 7.21392e-01
 7.21295e-01
 7.21197e-01
 7.21099e-01
 7.21002e-01
 7.20904e-01
 7.20807e-01
 7.20709e-01
 7.20612e-01
 7.20515e-01
 7.20418e-01
 7.20320e-01
 7.20223e-01
 7.20126e-01
 7.20029e-01
 7.19932e-01
 7.19835e-01
 7.19738e-01
 7.19642e-01
 7.19545e-01
 7.19448e-01
 7.19351e-01
 7.19255e-01
 7.19158e-01
 7.19062e-01
 7.18965e-01
 7.18869e-01
 7.18773e-01
 7.18676e-01
 7.18580e-01
 7.18484e-01
 7.18388e-01
 7.18292e-01
 7.18196e-01
 7.18100e-01
 7.18004e-01
 7.17908e-01
 7.17812e-01
 7.17716e-01
 7.17620e-01
 7.17525e-01
 7.17429e-01
 7.17334e-01
 7.17238e-01
 7.17143e-01
 7.17047e-01
 7.16952e-01
 7.16856e-01
 7.16761e-01
 7.16666e-01
 7.16571e-01
 7.16476e-01
 7.16381e-01
 7.16286e-01
 7.16191e-01
 7.16096e-01
 7.16001e-01
 7.15906e-01
 7.15811e-01
 7.15717e-01
 7.15622e-01
 7.15527e-01
 7.15433e-01
 7.15338e-01
 7.15244e-01
 7.15150e-01
 7.15055e-01
 7.14961e-01
 7.14867e-01
 7.14772e-01
 7.14678e-01
 7.14584e-01
 7.14490e-01
 7.14396e-01
 7.14302e-01
 7.14208e-01
 7.14115e-01
 7.14021e-01
 7.13927e-01
 7.13833e-01
 7.13740e-01
 7.13646e-01
 7.13553e-01
 7.13459e-01
 7.13366e-01
 7.13272e-01
 7.13179e-01
 7.13086e-01
 7.12993e-01
 7.12899e-01
 7.12806e-01
 7.12713e-01
 7.12620e-01
 7.12527e-01
 7.12434e-01
 7.12341e-01
 7.12249e-01
 7.12156e-01
 7.12063e-01
 7.11970e-01
 7.11878e-01
 7.11785e-01
 7.11693e-01
 7.11600e-01
 7.11508e-01
 7.11416e-01
 7.11323e-01
 7.11231e-01
 7.11139e-01
 7.11047e-01
 7.10955e-01
 7.10862e-01
 7.10770e-01
 7.10678e-01
 7.10587e-01
 7.10495e-01
 7.10403e-01
 7.10311e-01
 7.10219e-01
 7.10128e-01
 7.10036e-01
 7.09945e-01
 7.09853e-01
 7.09762e-01
 7.09670e-01
 7.09579e-01
 7.09488e-01
 7.09396e-01
 7.09305e-01
 7.09214e-01
 7.09123e-01
 7.09032e-01
 7.08941e-01
 7.08850e-01
 7.08759e-01
 7.08668e-01
 7.08577e-01
 7.08487e-01
 7.08396e-01
 7.08305e-01
 7.08215e-01
 7.08124e-01
 7.08033e-01
 7.07943e-01
 7.07853e-01
 7.07762e-01
 7.07672e-01
 7.07582e-01
 7.07492e-01
 7.07401e-01
 7.07311e-01
 7.07221e-01
 7.07131e-01
 7.07041e-01
 7.06951e-01
 7.06861e-01
 7.06772e-01
 7.06682e-01
 7.06592e-01
 7.06502e-01
 7.06413e-01
 7.06323e-01
 7.06234e-01
 7.06144e-01
 7.06055e-01
 7.05966e-01
 7.05876e-01
 7.05787e-01
 7.05698e-01
 7.05609e-01
 7.05519e-01
 7.05430e-01
 7.05341e-01
 7.05252e-01
 7.05163e-01
 7.05075e-01
 7.04986e-01
 7.04897e-01
 7.04808e-01
 7.04720e-01
 7.04631e-01
 7.04542e-01
 7.04454e-01
 7.04365e-01
 7.04277e-01
 7.04189e-01
 7.04100e-01
 7.04012e-01
 7.03924e-01
 7.03836e-01
 7.03747e-01
 7.03659e-01
 7.03571e-01
 7.03483e-01
 7.03395e-01
 7.03307e-01
 7.03220e-01
 7.03132e-01
 7.03044e-01
 7.02956e-01
 7.02869e-01
 7.02781e-01
 7.02694e-01
 7.02606e-01
 7.02519e-01
 7.02431e-01
 7.02344e-01
 7.02257e-01
 7.02169e-01
 7.02082e-01
 7.01995e-01
 7.01908e-01
 7.01821e-01
 7.01734e-01
 7.01647e-01
 7.01560e-01
 7.01473e-01
 7.01386e-01
 7.01299e-01
 7.01213e-01
 7.01126e-01
 7.01039e-01
 7.00953e-01
 7.00866e-01
 7.00780e-01
 7.00693e-01
 7.00607e-01
 7.00521e-01
 7.00434e-01
 7.00348e-01
 7.00262e-01
 7.00176e-01
 7.00090e-01
 7.00004e-01
 6.99918e-01
 6.99832e-01
 6.99746e-01
 6.99660e-01
 6.99574e-01
 6.99488e-01
 6.99403e-01
 6.99317e-01
 6.99231e-01
 6.99146e-01
 6.99060e-01
 6.98975e-01
 6.98889e-01
 6.98804e-01
 6.98719e-01
 6.98633e-01
 6.98548e-01
 6.98463e-01
 6.98378e-01
 6.98293e-01
 6.98208e-01
 6.98123e-01
 6.98038e-01
 6.97953e-01
 6.97868e-01
 6.97783e-01
 6.97698e-01
 6.97614e-01
 6.97529e-01
 6.97445e-01
 6.97360e-01
 6.97275e-01
 6.97191e-01
 6.97107e-01
 6.97022e-01
 6.96938e-01
 6.96854e-01
 6.96769e-01
 6.96685e-01
 6.96601e-01
 6.96517e-01
 6.96433e-01
 6.96349e-01
 6.96265e-01
 6.96181e-01
 6.96097e-01
 6.96013e-01
 6.95930e-01
 6.95846e-01
 6.95762e-01
 6.95679e-01
 6.95595e-01
 6.95512e-01
 6.95428e-01
 6.95345e-01
 6.95261e-01
 6.95178e-01
 6.95095e-01
 6.95011e-01
 6.94928e-01
 6.94845e-01
 6.94762e-01
 6.94679e-01
 6.94596e-01
 6.94513e-01
 6.94430e-01
 6.94347e-01
 6.94264e-01
 6.94182e-01
 6.94099e-01
 6.94016e-01
 6.93934e-01
 6.93851e-01
 6.93769e-01
 6.93686e-01
 6.93604e-01
 6.93521e-01
 6.93439e-01
 6.93357e-01
 6.93274e-01
 6.93192e-01
 6.93110e-01
 6.93028e-01
 6.92946e-01
 6.92864e-01
 6.92782e-01
 6.92700e-01
 6.92618e-01
 6.92536e-01
 6.92454e-01
 6.92373e-01
 6.92291e-01
 6.92209e-01
 6.92128e-01
 6.92046e-01
 6.91965e-01
 6.91883e-01
 6.91802e-01
 6.91720e-01
 6.91639e-01
 6.91558e-01
 6.91477e-01
 6.91395e-01
 6.91314e-01
 6.91233e-01
 6.91152e-01
 6.91071e-01
 6.90990e-01
 6.90909e-01
 6.90828e-01
 6.90748e-01
 6.90667e-01
 6.90586e-01
 6.90505e-01
 6.90425e-01
 6.90344e-01
 6.90264e-01
 6.90183e-01
 6.90103e-01
 6.90022e-01
 6.89942e-01
 6.89862e-01
 6.89781e-01
 6.89701e-01
 6.89621e-01
 6.89541e-01
 6.89461e-01
 6.89381e-01
 6.89301e-01
 6.89221e-01
 6.89141e-01
 6.89061e-01
 6.88981e-01
 6.88902e-01
 6.88822e-01
 6.88742e-01
 6.88663e-01
 6.88583e-01
 6.88504e-01
 6.88424e-01
 6.88345e-01
 6.88265e-01
 6.88186e-01
 6.88107e-01
 6.88027e-01
 6.87948e-01
 6.87869e-01
 6.87790e-01
 6.87711e-01
 6.87632e-01
 6.87553e-01
 6.87474e-01
 6.87395e-01
 6.87316e-01
 6.87237e-01
 6.87159e-01
 6.87080e-01
 6.87001e-01
 6.86923e-01
 6.86844e-01
 6.86765e-01
 6.86687e-01
 6.86609e-01
 6.86530e-01
 6.86452e-01
 6.86374e-01
 6.86295e-01
 6.86217e-01
 6.86139e-01
 6.86061e-01
 6.85983e-01
 6.85905e-01
 6.85827e-01
 6.85749e-01
 6.85671e-01
 6.85593e-01
 6.85515e-01
 6.85437e-01
 6.85360e-01
 6.85282e-01
 6.85204e-01
 6.85127e-01
 6.85049e-01
 6.84972e-01
 6.84894e-01
 6.84817e-01
 6.84740e-01
 6.84662e-01
 6.84585e-01
 6.84508e-01
 6.84431e-01
 6.84353e-01
 6.84276e-01
 6.84199e-01
 6.84122e-01
 6.84045e-01
 6.83968e-01
 6.83892e-01
 6.83815e-01
 6.83738e-01
 6.83661e-01
 6.83585e-01
 6.83508e-01
 6.83431e-01
 6.83355e-01
 6.83278e-01
 6.83202e-01
 6.83125e-01
 6.83049e-01
 6.82973e-01
 6.82896e-01
 6.82820e-01
 6.82744e-01
 6.82668e-01
 6.82592e-01
 6.82516e-01
 6.82440e-01
 6.82364e-01
 6.82288e-01
 6.82212e-01
 6.82136e-01
 6.82060e-01
 6.81984e-01
 6.81909e-01
 6.81833e-01
 6.81757e-01
 6.81682e-01
 6.81606e-01
 6.81531e-01
 6.81455e-01
 6.81380e-01
 6.81304e-01
 6.81229e-01
 6.81154e-01
 6.81079e-01
 6.81003e-01
 6.80928e-01
 6.80853e-01
 6.80778e-01
 6.80703e-01
 6.80628e-01
 6.80553e-01
 6.80478e-01
 6.80403e-01
 6.80329e-01
 6.80254e-01
 6.80179e-01
 6.80105e-01
 6.80030e-01
 6.79955e-01
 6.79881e-01
 6.79806e-01
 6.79732e-01
 6.79658e-01
 6.79583e-01
 6.79509e-01
 6.79435e-01
 6.79360e-01
 6.79286e-01
 6.79212e-01
 6.79138e-01
 6.79064e-01
 6.78990e-01
 6.78916e-01
 6.78842e-01
 6.78768e-01
 6.78694e-01
 6.78620e-01
 6.78547e-01
 6.78473e-01
 6.78399e-01
 6.78326e-01
 6.78252e-01
 6.78179e-01
 6.78105e-01
 6.78032e-01
 6.77958e-01
 6.77885e-01
 6.77812e-01
 6.77738e-01
 6.77665e-01
 6.77592e-01
 6.77519e-01
 6.77446e-01
 6.77372e-01
 6.77299e-01
 6.77226e-01
 6.77154e-01
 6.77081e-01
 6.77008e-01
 6.76935e-01
 6.76862e-01
 6.76790e-01
 6.76717e-01
 6.76644e-01
 6.76572e-01
 6.76499e-01
 6.76427e-01
 6.76354e-01
 6.76282e-01
 6.76209e-01
 6.76137e-01
 6.76065e-01
 6.75992e-01
 6.75920e-01
 6.75848e-01
 6.75776e-01
 6.75704e-01
 6.75632e-01
 6.75560e-01
 6.75488e-01
 6.75416e-01
 6.75344e-01
 6.75272e-01
 6.75200e-01
 6.75129e-01
 6.75057e-01
 6.74985e-01
 6.74914e-01
 6.74842e-01
 6.74771e-01
 6.74699e-01
 6.74628e-01
 6.74556e-01
 6.74485e-01
 6.74414e-01
 6.74342e-01
 6.74271e-01
 6.74200e-01
 6.74129e-01
 6.74058e-01
 6.73987e-01
 6.73915e-01
 6.73845e-01
 6.73774e-01
 6.73703e-01
 6.73632e-01
 6.73561e-01
 6.73490e-01
 6.73419e-01
 6.73349e-01
 6.73278e-01
 6.73208e-01
 6.73137e-01
 6.73066e-01
 6.72996e-01
 6.72926e-01
 6.72855e-01
 6.72785e-01
 6.72714e-01
 6.72644e-01
 6.72574e-01
 6.72504e-01
 6.72434e-01
 6.72364e-01
 6.72293e-01
 6.72223e-01
 6.72153e-01
 6.72083e-01
 6.72014e-01
 6.71944e-01
 6.71874e-01
 6.71804e-01
 6.71734e-01
 6.71665e-01
 6.71595e-01
 6.71525e-01
 6.71456e-01
 6.71386e-01
 6.71317e-01
 6.71247e-01
 6.71178e-01
 6.71109e-01
 6.71039e-01
 6.70970e-01
 6.70901e-01
 6.70832e-01
 6.70762e-01
 6.70693e-01
 6.70624e-01
 6.70555e-01
 6.70486e-01
 6.70417e-01
 6.70348e-01
 6.70280e-01
 6.70211e-01
 6.70142e-01
 6.70073e-01
 6.70004e-01
 6.69936e-01
 6.69867e-01
 6.69799e-01
 6.69730e-01
 6.69662e-01
 6.69593e-01
 6.69525e-01
 6.69456e-01
 6.69388e-01
 6.69320e-01
 6.69251e-01
 6.69183e-01
 6.69115e-01
 6.69047e-01
 6.68979e-01
 6.68911e-01
 6.68843e-01
 6.68775e-01
 6.68707e-01
 6.68639e-01
 6.68571e-01
 6.68503e-01
 6.68436e-01
 6.68368e-01
 6.68300e-01
 6.68232e-01
 6.68165e-01
 6.68097e-01
 6.68030e-01
 6.67962e-01
 6.67895e-01
 6.67827e-01
 6.67760e-01
 6.67693e-01
 6.67625e-01
 6.67558e-01
 6.67491e-01
 6.67424e-01
 6.67357e-01
 6.67290e-01
 6.67223e-01
 6.67156e-01
 6.67089e-01
 6.67022e-01
 6.66955e-01
 6.66888e-01
 6.66821e-01
 6.66754e-01
 6.66688e-01
 6.66621e-01
 6.66554e-01
 6.66488e-01
 6.66421e-01
 6.66355e-01
 6.66288e-01
 6.66222e-01
 6.66155e-01
 6.66089e-01
 6.66023e-01
 6.65956e-01
 6.65890e-01
 6.65824e-01
 6.65758e-01
 6.65692e-01
 6.65626e-01
 6.65560e-01
 6.65494e-01
 6.65428e-01
 6.65362e-01
 6.65296e-01
 6.65230e-01
 6.65164e-01
 6.65098e-01
 6.65033e-01
 6.64967e-01
 6.64901e-01
 6.64836e-01
 6.64770e-01
 6.64705e-01
 6.64639e-01
 6.64574e-01
 6.64508e-01
 6.64443e-01
 6.64378e-01
 6.64312e-01
 6.64247e-01
 6.64182e-01
 6.64117e-01
 6.64052e-01
 6.63986e-01
 6.63921e-01
 6.63856e-01
 6.63791e-01
 6.63726e-01
 6.63662e-01
 6.63597e-01
 6.63532e-01
 6.63467e-01
 6.63402e-01
 6.63338e-01
 6.63273e-01
 6.63208e-01
 6.63144e-01
 6.63079e-01
 6.63015e-01
 6.62950e-01
 6.62886e-01
 6.62821e-01
 6.62757e-01
 6.62693e-01
 6.62629e-01
 6.62564e-01
 6.62500e-01
 6.62436e-01
 6.62372e-01
 6.62308e-01
 6.62244e-01
 6.62180e-01
 6.62116e-01
 6.62052e-01
 6.61988e-01
 6.61924e-01
 6.61860e-01
 6.61796e-01
 6.61733e-01
 6.61669e-01
 6.61605e-01
 6.61542e-01
 6.61478e-01
 6.61415e-01
 6.61351e-01
 6.61288e-01
 6.61224e-01
 6.61161e-01
 6.61098e-01
 6.61034e-01
 6.60971e-01
 6.60908e-01
 6.60845e-01
 6.60781e-01
 6.60718e-01
 6.60655e-01
 6.60592e-01
 6.60529e-01
 6.60466e-01
 6.60403e-01
 6.60340e-01
 6.60278e-01
 6.60215e-01
 6.60152e-01
 6.60089e-01
 6.60027e-01
 6.59964e-01
 6.59901e-01
 6.59839e-01
 6.59776e-01
 6.59714e-01
 6.59651e-01
 6.59589e-01
 6.59526e-01
 6.59464e-01
 6.59402e-01
 6.59339e-01
 6.59277e-01
 6.59215e-01
 6.59153e-01
 6.59091e-01
 6.59029e-01
 6.58967e-01
 6.58904e-01
 6.58843e-01
 6.58781e-01
 6.58719e-01
 6.58657e-01
 6.58595e-01
 6.58533e-01
 6.58471e-01
 6.58410e-01
 6.58348e-01
 6.58286e-01
 6.58225e-01
 6.58163e-01
 6.58102e-01
 6.58040e-01
 6.57979e-01
 6.57917e-01
 6.57856e-01
 6.57795e-01
 6.57733e-01
 6.57672e-01
 6.57611e-01
 6.57550e-01
 6.57489e-01
 6.57427e-01
 6.57366e-01
 6.57305e-01
 6.57244e-01
 6.57183e-01
 6.57122e-01
 6.57062e-01
 6.57001e-01
 6.56940e-01
 6.56879e-01
 6.56818e-01
 6.56758e-01
 6.56697e-01
 6.56636e-01
 6.56576e-01
 6.56515e-01
 6.56455e-01
 6.56394e-01
 6.56334e-01
 6.56273e-01
 6.56213e-01
 6.56153e-01
 6.56092e-01
 6.56032e-01
 6.55972e-01
 6.55912e-01
 6.55852e-01
 6.55792e-01
 6.55731e-01
 6.55671e-01
 6.55611e-01
 6.55551e-01
 6.55492e-01
 6.55432e-01
 6.55372e-01
 6.55312e-01
 6.55252e-01
 6.55192e-01
 6.55133e-01
 6.55073e-01
 6.55013e-01
 6.54954e-01
 6.54894e-01
 6.54835e-01
 6.54775e-01
 6.54716e-01
 6.54656e-01
 6.54597e-01
 6.54538e-01
 6.54478e-01
 6.54419e-01
 6.54360e-01
 6.54301e-01
 6.54242e-01
 6.54182e-01
 6.54123e-01
 6.54064e-01
 6.54005e-01
 6.53946e-01
 6.53887e-01
 6.53828e-01
 6.53770e-01
 6.53711e-01
 6.53652e-01
 6.53593e-01
 6.53535e-01
 6.53476e-01
 6.53417e-01
 6.53359e-01
 6.53300e-01
 6.53241e-01
 6.53183e-01
 6.53124e-01
 6.53066e-01
 6.53008e-01
 6.52949e-01
 6.52891e-01
 6.52833e-01
 6.52774e-01
 6.52716e-01
 6.52658e-01
 6.52600e-01
 6.52542e-01
 6.52484e-01
 6.52426e-01
 6.52368e-01
 6.52310e-01
 6.52252e-01
 6.52194e-01
 6.52136e-01
 6.52078e-01
 6.52020e-01
 6.51963e-01
 6.51905e-01
 6.51847e-01
 6.51790e-01
 6.51732e-01
 6.51674e-01
 6.51617e-01
 6.51559e-01
 6.51502e-01
 6.51444e-01
 6.51387e-01
 6.51330e-01
 6.51272e-01
 6.51215e-01
 6.51158e-01
 6.51101e-01
 6.51043e-01
 6.50986e-01
 6.50929e-01
 6.50872e-01
 6.50815e-01
 6.50758e-01
 6.50701e-01
 6.50644e-01
 6.50587e-01
 6.50530e-01
 6.50474e-01
 6.50417e-01
 6.50360e-01
 6.50303e-01
 6.50247e-01
 6.50190e-01
 6.50133e-01
 6.50077e-01
 6.50020e-01
 6.49964e-01
 6.49907e-01
 6.49851e-01
 6.49794e-01
 6.49738e-01
 6.49682e-01
 6.49625e-01
 6.49569e-01
 6.49513e-01
 6.49457e-01
 6.49400e-01
 6.49344e-01
 6.49288e-01
 6.49232e-01
 6.49176e-01
 6.49120e-01
 6.49064e-01
 6.49008e-01
 6.48952e-01
 6.48896e-01
 6.48841e-01
 6.48785e-01
 6.48729e-01
 6.48673e-01
 6.48618e-01
 6.48562e-01
 6.48506e-01
 6.48451e-01
 6.48395e-01
 6.48340e-01
 6.48284e-01
 6.48229e-01
 6.48174e-01
 6.48118e-01
 6.48063e-01
 6.48008e-01
 6.47952e-01
 6.47897e-01
 6.47842e-01
 6.47787e-01
 6.47732e-01
 6.47676e-01
 6.47621e-01
 6.47566e-01
 6.47511e-01
 6.47456e-01
 6.47401e-01
 6.47347e-01
 6.47292e-01
 6.47237e-01
 6.47182e-01
 6.47127e-01
 6.47073e-01
 6.47018e-01
 6.46963e-01
 6.46909e-01
 6.46854e-01
 6.46800e-01
 6.46745e-01
 6.46691e-01
 6.46636e-01
 6.46582e-01
 6.46527e-01
 6.46473e-01
 6.46419e-01
 6.46364e-01
 6.46310e-01
 6.46256e-01
 6.46202e-01
 6.46148e-01
 6.46094e-01
 6.46040e-01
 6.45985e-01
 6.45931e-01
 6.45878e-01
 6.45824e-01
 6.45770e-01
 6.45716e-01
 6.45662e-01
 6.45608e-01
 6.45554e-01
 6.45501e-01
 6.45447e-01
 6.45393e-01
 6.45340e-01
 6.45286e-01
 6.45232e-01
 6.45179e-01
 6.45125e-01
 6.45072e-01
 6.45019e-01
 6.44965e-01
 6.44912e-01
 6.44858e-01
 6.44805e-01
 6.44752e-01
 6.44699e-01
 6.44645e-01
 6.44592e-01
 6.44539e-01
 6.44486e-01
 6.44433e-01
 6.44380e-01
 6.44327e-01
 6.44274e-01
 6.44221e-01
 6.44168e-01
 6.44115e-01
 6.44062e-01
 6.44010e-01
 6.43957e-01
 6.43904e-01
 6.43851e-01
 6.43799e-01
 6.43746e-01
 6.43694e-01
 6.43641e-01
 6.43588e-01
 6.43536e-01
 6.43483e-01
 6.43431e-01
 6.43379e-01
 6.43326e-01
 6.43274e-01
 6.43222e-01
 6.43169e-01
 6.43117e-01
 6.43065e-01
 6.43013e-01
 6.42961e-01
 6.42908e-01
 6.42856e-01
 6.42804e-01
 6.42752e-01
 6.42700e-01
 6.42648e-01
 6.42596e-01
 6.42545e-01
 6.42493e-01
 6.42441e-01
 6.42389e-01
 6.42337e-01
 6.42286e-01
 6.42234e-01
 6.42182e-01
 6.42131e-01
 6.42079e-01
 6.42028e-01
 6.41976e-01
 6.41925e-01
 6.41873e-01
 6.41822e-01
 6.41770e-01
 6.41719e-01
 6.41668e-01
 6.41616e-01
 6.41565e-01
 6.41514e-01
 6.41463e-01
 6.41411e-01
 6.41360e-01
 6.41309e-01
 6.41258e-01
 6.41207e-01
 6.41156e-01
 6.41105e-01
 6.41054e-01
 6.41003e-01
 6.40952e-01
 6.40902e-01
 6.40851e-01
 6.40800e-01
 6.40749e-01
 6.40699e-01
 6.40648e-01
 6.40597e-01
 6.40547e-01
 6.40496e-01
 6.40445e-01
 6.40395e-01
 6.40344e-01
 6.40294e-01
 6.40244e-01
 6.40193e-01
 6.40143e-01
 6.40092e-01
 6.40042e-01
 6.39992e-01
 6.39942e-01
 6.39891e-01
 6.39841e-01
 6.39791e-01
 6.39741e-01
 6.39691e-01
 6.39641e-01
 6.39591e-01
 6.39541e-01
 6.39491e-01
 6.39441e-01
 6.39391e-01
 6.39341e-01
 6.39291e-01
 6.39242e-01
 6.39192e-01
 6.39142e-01
 6.39092e-01
 6.39043e-01
 6.38993e-01
 6.38943e-01
 6.38894e-01
 6.38844e-01
 6.38795e-01
 6.38745e-01
 6.38696e-01
 6.38646e-01
 6.38597e-01
 6.38548e-01
 6.38498e-01
 6.38449e-01
 6.38400e-01
 6.38351e-01
 6.38301e-01
 6.38252e-01
 6.38203e-01
 6.38154e-01
 6.38105e-01
 6.38056e-01
 6.38007e-01
 6.37958e-01
 6.37909e-01
 6.37860e-01
 6.37811e-01
 6.37762e-01
 6.37713e-01
 6.37665e-01
 6.37616e-01
 6.37567e-01
 6.37518e-01
 6.37470e-01
 6.37421e-01
 6.37373e-01
 6.37324e-01
 6.37275e-01
 6.37227e-01
 6.37178e-01
 6.37130e-01
 6.37082e-01
 6.37033e-01
 6.36985e-01
 6.36936e-01
 6.36888e-01
 6.36840e-01
 6.36792e-01
 6.36743e-01
 6.36695e-01
 6.36647e-01
 6.36599e-01
 6.36551e-01
 6.36503e-01
 6.36455e-01
 6.36407e-01
 6.36359e-01
 6.36311e-01
 6.36263e-01
 6.36215e-01
 6.36167e-01
 6.36119e-01
 6.36072e-01
 6.36024e-01
 6.35976e-01
 6.35929e-01
 6.35881e-01
 6.35833e-01
 6.35786e-01
 6.35738e-01
 6.35691e-01
 6.35643e-01
 6.35596e-01
 6.35548e-01
 6.35501e-01
 6.35453e-01
 6.35406e-01
 6.35359e-01
 6.35311e-01
 6.35264e-01
 6.35217e-01
 6.35170e-01
 6.35122e-01
 6.35075e-01
 6.35028e-01
 6.34981e-01
 6.34934e-01
 6.34887e-01
 6.34840e-01
 6.34793e-01
 6.34746e-01
 6.34699e-01
 6.34652e-01
 6.34605e-01
 6.34559e-01
 6.34512e-01
 6.34465e-01
 6.34418e-01
 6.34372e-01
 6.34325e-01
 6.34278e-01
 6.34232e-01
 6.34185e-01
 6.34139e-01
 6.34092e-01
 6.34046e-01
 6.33999e-01
 6.33953e-01
 6.33906e-01
 6.33860e-01
 6.33814e-01
 6.33767e-01
 6.33721e-01
 6.33675e-01
 6.33629e-01
 6.33582e-01
 6.33536e-01
 6.33490e-01
 6.33444e-01
 6.33398e-01
 6.33352e-01
 6.33306e-01
 6.33260e-01
 6.33214e-01
 6.33168e-01
 6.33122e-01
 6.33076e-01
 6.33030e-01
 6.32985e-01
 6.32939e-01
 6.32893e-01
 6.32847e-01
 6.32802e-01
 6.32756e-01
 6.32710e-01
 6.32665e-01
 6.32619e-01
 6.32574e-01
 6.32528e-01
 6.32483e-01
 6.32437e-01
 6.32392e-01
 6.32346e-01
 6.32301e-01
 6.32256e-01
 6.32210e-01
 6.32165e-01
 6.32120e-01
 6.32074e-01
 6.32029e-01
 6.31984e-01
 6.31939e-01
 6.31894e-01
 6.31849e-01
 6.31804e-01
 6.31759e-01
 6.31714e-01
 6.31669e-01
 6.31624e-01
 6.31579e-01
 6.31534e-01
 6.31489e-01
 6.31444e-01
 6.31400e-01
 6.31355e-01
 6.31310e-01
 6.31265e-01
 6.31221e-01
 6.31176e-01
 6.31131e-01
 6.31087e-01
 6.31042e-01
 6.30998e-01
 6.30953e-01
 6.30909e-01
 6.30864e-01
 6.30820e-01
 6.30775e-01
 6.30731e-01
 6.30687e-01
 6.30642e-01
 6.30598e-01
 6.30554e-01
 6.30510e-01
 6.30465e-01
 6.30421e-01
 6.30377e-01
 6.30333e-01
 6.30289e-01
 6.30245e-01
 6.30201e-01
 6.30157e-01
 6.30113e-01
 6.30069e-01
 6.30025e-01
 6.29981e-01
 6.29937e-01
 6.29894e-01
 6.29850e-01
 6.29806e-01
 6.29762e-01
 6.29719e-01
 6.29675e-01
 6.29631e-01
 6.29588e-01
 6.29544e-01
 6.29500e-01
 6.29457e-01
 6.29413e-01
 6.29370e-01
 6.29326e-01
 6.29283e-01
 6.29240e-01
 6.29196e-01
 6.29153e-01
 6.29110e-01
 6.29066e-01
 6.29023e-01
 6.28980e-01
 6.28937e-01
 6.28893e-01
 6.28850e-01
 6.28807e-01
 6.28764e-01
 6.28721e-01
 6.28678e-01
 6.28635e-01
 6.28592e-01
 6.28549e-01
 6.28506e-01
 6.28463e-01
 6.28420e-01
 6.28377e-01
 6.28335e-01
 6.28292e-01
 6.28249e-01
 6.28206e-01
 6.28164e-01
 6.28121e-01
 6.28078e-01
 6.28036e-01
 6.27993e-01
 6.27950e-01
 6.27908e-01
 6.27865e-01
 6.27823e-01
 6.27780e-01
 6.27738e-01
 6.27696e-01
 6.27653e-01
 6.27611e-01
 6.27569e-01
 6.27526e-01
 6.27484e-01
 6.27442e-01
 6.27400e-01
 6.27357e-01
 6.27315e-01
 6.27273e-01
 6.27231e-01
 6.27189e-01
 6.27147e-01
 6.27105e-01
 6.27063e-01
 6.27021e-01
 6.26979e-01
 6.26937e-01
 6.26895e-01
 6.26853e-01
 6.26811e-01
 6.26770e-01
 6.26728e-01
 6.26686e-01
 6.26644e-01
 6.26603e-01
 6.26561e-01
 6.26519e-01
 6.26478e-01
 6.26436e-01
 6.26395e-01
 6.26353e-01
 6.26312e-01
 6.26270e-01
 6.26229e-01
 6.26187e-01
 6.26146e-01
 6.26104e-01
 6.26063e-01
 6.26022e-01
 6.25980e-01
 6.25939e-01
 6.25898e-01
 6.25857e-01
 6.25816e-01
 6.25774e-01
 6.25733e-01
 6.25692e-01
 6.25651e-01
 6.25610e-01
 6.25569e-01
 6.25528e-01
 6.25487e-01
 6.25446e-01
 6.25405e-01
 6.25364e-01
 6.25323e-01
 6.25283e-01
 6.25242e-01
 6.25201e-01
 6.25160e-01
 6.25119e-01
 6.25079e-01
 6.25038e-01
 6.24997e-01
 6.24957e-01
 6.24916e-01
 6.24876e-01
 6.24835e-01
 6.24795e-01
 6.24754e-01
 6.24714e-01
 6.24673e-01
 6.24633e-01
 6.24592e-01
 6.24552e-01
 6.24512e-01
 6.24471e-01
 6.24431e-01
 6.24391e-01
 6.24351e-01
 6.24310e-01
 6.24270e-01
 6.24230e-01
 6.24190e-01
 6.24150e-01
 6.24110e-01
 6.24070e-01
 6.24030e-01
 6.23990e-01
 6.23950e-01
 6.23910e-01
 6.23870e-01
 6.23830e-01
 6.23790e-01
 6.23750e-01
 6.23710e-01
 6.23671e-01
 6.23631e-01
 6.23591e-01
 6.23551e-01
 6.23512e-01
 6.23472e-01
 6.23432e-01
 6.23393e-01
 6.23353e-01
 6.23314e-01
 6.23274e-01
 6.23235e-01
 6.23195e-01
 6.23156e-01
 6.23116e-01
 6.23077e-01
 6.23037e-01
 6.22998e-01
 6.22959e-01
 6.22919e-01
 6.22880e-01
 6.22841e-01
 6.22802e-01
 6.22762e-01
 6.22723e-01
 6.22684e-01
 6.22645e-01
 6.22606e-01
 6.22567e-01
 6.22528e-01
 6.22489e-01
 6.22450e-01
 6.22411e-01
 6.22372e-01
 6.22333e-01
 6.22294e-01
 6.22255e-01
 6.22216e-01
 6.22178e-01
 6.22139e-01
 6.22100e-01
 6.22061e-01
 6.22023e-01
 6.21984e-01
 6.21945e-01
 6.21907e-01
 6.21868e-01
 6.21829e-01
 6.21791e-01
 6.21752e-01
 6.21714e-01
 6.21675e-01
 6.21637e-01
 6.21598e-01
 6.21560e-01
 6.21522e-01
 6.21483e-01
 6.21445e-01
 6.21407e-01
 6.21368e-01
 6.21330e-01
 6.21292e-01
 6.21254e-01
 6.21215e-01
 6.21177e-01
 6.21139e-01
 6.21101e-01
 6.21063e-01
 6.21025e-01
 6.20987e-01
 6.20949e-01
 6.20911e-01
 6.20873e-01
 6.20835e-01
 6.20797e-01
 6.20759e-01
 6.20721e-01
 6.20683e-01
 6.20646e-01
 6.20608e-01
 6.20570e-01
 6.20532e-01
 6.20495e-01
 6.20457e-01
 6.20419e-01
 6.20382e-01
 6.20344e-01
 6.20306e-01
 6.20269e-01
 6.20231e-01
 6.20194e-01
 6.20156e-01
 6.20119e-01
 6.20081e-01
 6.20044e-01
 6.20007e-01
 6.19969e-01
 6.19932e-01
 6.19894e-01
 6.19857e-01
 6.19820e-01
 6.19783e-01
 6.19745e-01
 6.19708e-01
 6.19671e-01
 6.19634e-01
 6.19597e-01
 6.19560e-01
 6.19523e-01
 6.19486e-01
 6.19449e-01
 6.19412e-01
 6.19375e-01
 6.19338e-01
 6.19301e-01
 6.19264e-01
 6.19227e-01
 6.19190e-01
 6.19153e-01
 6.19116e-01
 6.19080e-01
 6.19043e-01
 6.19006e-01
 6.18969e-01
 6.18933e-01
 6.18896e-01
 6.18859e-01
 6.18823e-01
 6.18786e-01
 6.18750e-01
 6.18713e-01
 6.18677e-01
 6.18640e-01
 6.18604e-01
 6.18567e-01
 6.18531e-01
 6.18494e-01
 6.18458e-01
 6.18422e-01
 6.18385e-01
 6.18349e-01
 6.18313e-01
 6.18276e-01
 6.18240e-01
 6.18204e-01
 6.18168e-01
 6.18132e-01
 6.18095e-01
 6.18059e-01
 6.18023e-01
 6.17987e-01
 6.17951e-01
 6.17915e-01
 6.17879e-01
 6.17843e-01
 6.17807e-01
 6.17771e-01
 6.17735e-01
 6.17700e-01
 6.17664e-01
 6.17628e-01
 6.17592e-01
 6.17556e-01
 6.17521e-01
 6.17485e-01
 6.17449e-01
 6.17413e-01
 6.17378e-01
 6.17342e-01
 6.17306e-01
 6.17271e-01
 6.17235e-01
 6.17200e-01
 6.17164e-01
 6.17129e-01
 6.17093e-01
 6.17058e-01
 6.17022e-01
 6.16987e-01
 6.16952e-01
 6.16916e-01
 6.16881e-01
 6.16846e-01
 6.16810e-01
 6.16775e-01
 6.16740e-01
 6.16705e-01
 6.16669e-01
 6.16634e-01
 6.16599e-01
 6.16564e-01
 6.16529e-01
 6.16494e-01
 6.16459e-01
 6.16424e-01
 6.16389e-01
 6.16354e-01
 6.16319e-01
 6.16284e-01
 6.16249e-01
 6.16214e-01
 6.16179e-01
 6.16144e-01
 6.16109e-01
 6.16075e-01
 6.16040e-01
 6.16005e-01
 6.15970e-01
 6.15936e-01
 6.15901e-01
 6.15866e-01
 6.15832e-01
 6.15797e-01
 6.15762e-01
 6.15728e-01
 6.15693e-01
 6.15659e-01
 6.15624e-01
 6.15590e-01
 6.15555e-01
 6.15521e-01
 6.15486e-01
 6.15452e-01
 6.15418e-01
 6.15383e-01
 6.15349e-01
 6.15315e-01
 6.15280e-01
 6.15246e-01
 6.15212e-01
 6.15178e-01
 6.15143e-01
 6.15109e-01
 6.15075e-01
 6.15041e-01
 6.15007e-01
 6.14973e-01
 6.14939e-01
 6.14905e-01
 6.14871e-01
 6.14837e-01
 6.14803e-01
 6.14769e-01
 6.14735e-01
 6.14701e-01
 6.14667e-01
 6.14633e-01
 6.14600e-01
 6.14566e-01
 6.14532e-01
 6.14498e-01
 6.14464e-01
 6.14431e-01
 6.14397e-01
 6.14363e-01
 6.14330e-01
 6.14296e-01
 6.14262e-01
 6.14229e-01
 6.14195e-01
 6.14162e-01
 6.14128e-01
 6.14095e-01
 6.14061e-01
 6.14028e-01
 6.13994e-01
 6.13961e-01
 6.13928e-01
 6.13894e-01
 6.13861e-01
 6.13828e-01
 6.13794e-01
 6.13761e-01
 6.13728e-01
 6.13695e-01
 6.13661e-01
 6.13628e-01
 6.13595e-01
 6.13562e-01
 6.13529e-01
 6.13496e-01
 6.13463e-01
 6.13430e-01
 6.13397e-01
 6.13364e-01
 6.13331e-01
 6.13298e-01
 6.13265e-01
 6.13232e-01
 6.13199e-01
 6.13166e-01
 6.13133e-01
 6.13100e-01
 6.13067e-01
 6.13035e-01
 6.13002e-01
 6.12969e-01
 6.12936e-01
 6.12904e-01
 6.12871e-01
 6.12838e-01
 6.12806e-01
 6.12773e-01
 6.12741e-01
 6.12708e-01
 6.12675e-01
 6.12643e-01
 6.12610e-01
 6.12578e-01
 6.12545e-01
 6.12513e-01
 6.12481e-01
 6.12448e-01
 6.12416e-01
 6.12383e-01
 6.12351e-01
 6.12319e-01
 6.12286e-01
 6.12254e-01
 6.12222e-01
 6.12190e-01
 6.12158e-01
 6.12125e-01
 6.12093e-01
 6.12061e-01
 6.12029e-01
 6.11997e-01
 6.11965e-01
 6.11933e-01
 6.11901e-01
 6.11869e-01
 6.11837e-01
 6.11805e-01
 6.11773e-01
 6.11741e-01
 6.11709e-01
 6.11677e-01
 6.11645e-01
 6.11613e-01
 6.11581e-01
 6.11550e-01
 6.11518e-01
 6.11486e-01
 6.11454e-01
 6.11423e-01
 6.11391e-01
 6.11359e-01
 6.11328e-01
 6.11296e-01
 6.11264e-01
 6.11233e-01
 6.11201e-01
 6.11170e-01
 6.11138e-01
 6.11107e-01
 6.11075e-01
 6.11044e-01
 6.11012e-01
 6.10981e-01
 6.10949e-01
 6.10918e-01
 6.10887e-01
 6.10855e-01
 6.10824e-01
 6.10793e-01
 6.10762e-01
 6.10730e-01
 6.10699e-01
 6.10668e-01
 6.10637e-01
 6.10605e-01
 6.10574e-01
 6.10543e-01
 6.10512e-01
 6.10481e-01
 6.10450e-01
 6.10419e-01
 6.10388e-01
 6.10357e-01
 6.10326e-01
 6.10295e-01
 6.10264e-01
 6.10233e-01
 6.10202e-01
 6.10171e-01
 6.10140e-01
 6.10110e-01
 6.10079e-01
 6.10048e-01
 6.10017e-01
 6.09986e-01
 6.09956e-01
 6.09925e-01
 6.09894e-01
 6.09864e-01
 6.09833e-01
 6.09802e-01
 6.09772e-01
 6.09741e-01
 6.09711e-01
 6.09680e-01
 6.09649e-01
 6.09619e-01
 6.09588e-01
 6.09558e-01
 6.09527e-01
 6.09497e-01
 6.09467e-01
 6.09436e-01
 6.09406e-01
 6.09376e-01
 6.09345e-01
 6.09315e-01
 6.09285e-01
 6.09254e-01
 6.09224e-01
 6.09194e-01
 6.09164e-01
 6.09133e-01
 6.09103e-01
 6.09073e-01
 6.09043e-01
 6.09013e-01
 6.08983e-01
 6.08953e-01
 6.08923e-01
 6.08893e-01
 6.08863e-01
 6.08833e-01
 6.08803e-01
 6.08773e-01
 6.08743e-01
 6.08713e-01
 6.08683e-01
 6.08653e-01
 6.08623e-01
 6.08594e-01
 6.08564e-01
 6.08534e-01
 6.08504e-01
 6.08474e-01
 6.08445e-01
 6.08415e-01
 6.08385e-01
 6.08356e-01
 6.08326e-01
 6.08296e-01
 6.08267e-01
 6.08237e-01
 6.08208e-01
 6.08178e-01
 6.08149e-01
 6.08119e-01
 6.08090e-01
 6.08060e-01
 6.08031e-01
 6.08001e-01
 6.07972e-01
 6.07942e-01
 6.07913e-01
 6.07884e-01
 6.07854e-01
 6.07825e-01
 6.07796e-01
 6.07767e-01
 6.07737e-01
 6.07708e-01
 6.07679e-01
 6.07650e-01
 6.07620e-01
 6.07591e-01
 6.07562e-01
 6.07533e-01
 6.07504e-01
 6.07475e-01
 6.07446e-01
 6.07417e-01
 6.07388e-01
 6.07359e-01
 6.07330e-01
 6.07301e-01
 6.07272e-01
 6.07243e-01
 6.07214e-01
 6.07185e-01
 6.07156e-01
 6.07128e-01
 6.07099e-01
 6.07070e-01
 6.07041e-01
 6.07012e-01
 6.06984e-01
 6.06955e-01
 6.06926e-01
 6.06897e-01
 6.06869e-01
 6.06840e-01
 6.06812e-01
 6.06783e-01
 6.06754e-01
 6.06726e-01
 6.06697e-01
 6.06669e-01
 6.06640e-01
 6.06612e-01
 6.06583e-01
 6.06555e-01
 6.06526e-01
 6.06498e-01
 6.06469e-01
 6.06441e-01
 6.06413e-01
 6.06384e-01
 6.06356e-01
 6.06328e-01
 6.06299e-01
 6.06271e-01
 6.06243e-01
 6.06215e-01
 6.06187e-01
 6.06158e-01
 6.06130e-01
 6.06102e-01
 6.06074e-01
 6.06046e-01
 6.06018e-01
 6.05990e-01
 6.05962e-01
 6.05934e-01
 6.05905e-01
 6.05877e-01
 6.05850e-01
 6.05822e-01
 6.05794e-01
 6.05766e-01
 6.05738e-01
 6.05710e-01
 6.05682e-01
 6.05654e-01
 6.05626e-01
 6.05599e-01
 6.05571e-01
 6.05543e-01
 6.05515e-01
 6.05487e-01
 6.05460e-01
 6.05432e-01
 6.05404e-01
 6.05377e-01
 6.05349e-01
 6.05321e-01
 6.05294e-01
 6.05266e-01
 6.05239e-01
 6.05211e-01
 6.05184e-01
 6.05156e-01
 6.05129e-01
 6.05101e-01
 6.05074e-01
 6.05046e-01
 6.05019e-01
 6.04991e-01
 6.04964e-01
 6.04937e-01
 6.04909e-01
 6.04882e-01
 6.04855e-01
 6.04827e-01
 6.04800e-01
 6.04773e-01
 6.04746e-01
 6.04718e-01
 6.04691e-01
 6.04664e-01
 6.04637e-01
 6.04610e-01
 6.04583e-01
 6.04555e-01
 6.04528e-01
 6.04501e-01
 6.04474e-01
 6.04447e-01
 6.04420e-01
 6.04393e-01
 6.04366e-01
 6.04339e-01
 6.04312e-01
 6.04285e-01
 6.04258e-01
 6.04232e-01
 6.04205e-01
 6.04178e-01
 6.04151e-01
 6.04124e-01
 6.04097e-01
 6.04071e-01
 6.04044e-01
 6.04017e-01
 6.03990e-01
 6.03964e-01
 6.03937e-01
 6.03910e-01
 6.03884e-01
 6.03857e-01
 6.03830e-01
 6.03804e-01
 6.03777e-01
 6.03751e-01
 6.03724e-01
 6.03697e-01
 6.03671e-01
 6.03644e-01
 6.03618e-01
 6.03592e-01
 6.03565e-01
 6.03539e-01
 6.03512e-01
 6.03486e-01
 6.03460e-01
 6.03433e-01
 6.03407e-01
 6.03381e-01
 6.03354e-01
 6.03328e-01
 6.03302e-01
 6.03275e-01
 6.03249e-01
 6.03223e-01
 6.03197e-01
 6.03171e-01
 6.03144e-01
 6.03118e-01
 6.03092e-01
 6.03066e-01
 6.03040e-01
 6.03014e-01
 6.02988e-01
 6.02962e-01
 6.02936e-01
 6.02910e-01
 6.02884e-01
 6.02858e-01
 6.02832e-01
 6.02806e-01
 6.02780e-01
 6.02754e-01
 6.02728e-01
 6.02703e-01
 6.02677e-01
 6.02651e-01
 6.02625e-01
 6.02599e-01
 6.02573e-01
 6.02548e-01
 6.02522e-01
 6.02496e-01
 6.02471e-01
 6.02445e-01
 6.02419e-01
 6.02394e-01
 6.02368e-01
 6.02342e-01
 6.02317e-01
 6.02291e-01
 6.02266e-01
 6.02240e-01
 6.02215e-01
 6.02189e-01
 6.02164e-01
 6.02138e-01
 6.02113e-01
 6.02087e-01
 6.02062e-01
 6.02036e-01
 6.02011e-01
 6.01986e-01
 6.01960e-01
 6.01935e-01
 6.01910e-01
 6.01884e-01
 6.01859e-01
 6.01834e-01
 6.01808e-01
 6.01783e-01
 6.01758e-01
 6.01733e-01
 6.01708e-01
 6.01682e-01
 6.01657e-01
 6.01632e-01
 6.01607e-01
 6.01582e-01
 6.01557e-01
 6.01532e-01
 6.01507e-01
 6.01482e-01
 6.01457e-01
 6.01432e-01
 6.01407e-01
 6.01382e-01
 6.01357e-01
 6.01332e-01
 6.01307e-01
 6.01282e-01
 6.01257e-01
 6.01232e-01
 6.01208e-01
 6.01183e-01
 6.01158e-01
 6.01133e-01
 6.01108e-01
 6.01084e-01
 6.01059e-01
 6.01034e-01
 6.01009e-01
 6.00985e-01
 6.00960e-01
 6.00935e-01
 6.00911e-01
 6.00886e-01
 6.00862e-01
 6.00837e-01
 6.00812e-01
 6.00788e-01
 6.00763e-01
 6.00739e-01
 6.00714e-01
 6.00690e-01
 6.00665e-01
 6.00641e-01
 6.00616e-01
 6.00592e-01
 6.00568e-01
 6.00543e-01
 6.00519e-01
 6.00494e-01
 6.00470e-01
 6.00446e-01
 6.00421e-01
 6.00397e-01
 6.00373e-01
 6.00349e-01
 6.00324e-01
 6.00300e-01
 6.00276e-01
 6.00252e-01
 6.00228e-01
 6.00203e-01
 6.00179e-01
 6.00155e-01
 6.00131e-01
 6.00107e-01
 6.00083e-01
 6.00059e-01
 6.00035e-01
 6.00011e-01
 5.99987e-01
 5.99963e-01
 5.99939e-01
 5.99915e-01
 5.99891e-01
 5.99867e-01
 5.99843e-01
 5.99819e-01
 5.99795e-01
 5.99771e-01
 5.99747e-01
 5.99724e-01
 5.99700e-01
 5.99676e-01
 5.99652e-01
 5.99628e-01
 5.99605e-01
 5.99581e-01
 5.99557e-01
 5.99534e-01
 5.99510e-01
 5.99486e-01
 5.99462e-01
 5.99439e-01
 5.99415e-01
 5.99392e-01
 5.99368e-01
 5.99344e-01
 5.99321e-01
 5.99297e-01
 5.99274e-01
 5.99250e-01
 5.99227e-01
 5.99203e-01
 5.99180e-01
 5.99156e-01
 5.99133e-01
 5.99110e-01
 5.99086e-01
 5.99063e-01
 5.99039e-01
 5.99016e-01
 5.98993e-01
 5.98969e-01
 5.98946e-01
 5.98923e-01
 5.98900e-01
 5.98876e-01
 5.98853e-01
 5.98830e-01
 5.98807e-01
 5.98783e-01
 5.98760e-01
 5.98737e-01
 5.98714e-01
 5.98691e-01
 5.98668e-01
 5.98645e-01
 5.98622e-01
 5.98598e-01
 5.98575e-01
 5.98552e-01
 5.98529e-01
 5.98506e-01
 5.98483e-01
 5.98460e-01
 5.98437e-01
 5.98414e-01
 5.98392e-01
 5.98369e-01
 5.98346e-01
 5.98323e-01
 5.98300e-01
 5.98277e-01
 5.98254e-01
 5.98231e-01
 5.98209e-01
 5.98186e-01
 5.98163e-01
 5.98140e-01
 5.98118e-01
 5.98095e-01
 5.98072e-01
 5.98050e-01
 5.98027e-01
 5.98004e-01
 5.97982e-01
 5.97959e-01
 5.97936e-01
 5.97914e-01
 5.97891e-01
 5.97869e-01
 5.97846e-01
 5.97823e-01
 5.97801e-01
 5.97778e-01
 5.97756e-01
 5.97733e-01
 5.97711e-01
 5.97689e-01
 5.97666e-01
 5.97644e-01
 5.97621e-01
 5.97599e-01
 5.97577e-01
 5.97554e-01
 5.97532e-01
 5.97509e-01
 5.97487e-01
 5.97465e-01
 5.97443e-01
 5.97420e-01
 5.97398e-01
 5.97376e-01
 5.97354e-01
 5.97331e-01
 5.97309e-01
 5.97287e-01
 5.97265e-01
 5.97243e-01
 5.97221e-01
 5.97199e-01
 5.97176e-01
 5.97154e-01
 5.97132e-01
 5.97110e-01
 5.97088e-01
 5.97066e-01
 5.97044e-01
 5.97022e-01
 5.97000e-01
 5.96978e-01
 5.96956e-01
 5.96934e-01
 5.96912e-01
 5.96891e-01
 5.96869e-01
 5.96847e-01
 5.96825e-01
 5.96803e-01
 5.96781e-01
 5.96759e-01
 5.96738e-01
 5.96716e-01
 5.96694e-01
 5.96672e-01
 5.96651e-01
 5.96629e-01
 5.96607e-01
 5.96586e-01
 5.96564e-01
 5.96542e-01
 5.96521e-01
 5.96499e-01
 5.96477e-01
 5.96456e-01
 5.96434e-01
 5.96413e-01
 5.96391e-01
 5.96369e-01
 5.96348e-01
 5.96326e-01
 5.96305e-01
 5.96283e-01
 5.96262e-01
 5.96240e-01
 5.96219e-01
 5.96198e-01
 5.96176e-01
 5.96155e-01
 5.96133e-01
 5.96112e-01
 5.96091e-01
 5.96069e-01
 5.96048e-01
 5.96027e-01
 5.96005e-01
 5.95984e-01
 5.95963e-01
 5.95942e-01
 5.95920e-01
 5.95899e-01
 5.95878e-01
 5.95857e-01
 5.95836e-01
 5.95814e-01
 5.95793e-01
 5.95772e-01
 5.95751e-01
 5.95730e-01
 5.95709e-01
 5.95688e-01
 5.95667e-01
 5.95646e-01
 5.95625e-01
 5.95604e-01
 5.95583e-01
 5.95562e-01
 5.95541e-01
 5.95520e-01
 5.95499e-01
 5.95478e-01
 5.95457e-01
 5.95436e-01
 5.95415e-01
 5.95394e-01
 5.95373e-01
 5.95352e-01
 5.95332e-01
 5.95311e-01
 5.95290e-01
 5.95269e-01
 5.95248e-01
 5.95228e-01
 5.95207e-01
 5.95186e-01
 5.95165e-01
 5.95145e-01
 5.95124e-01
 5.95103e-01
 5.95083e-01
 5.95062e-01
 5.95041e-01
 5.95021e-01
 5.95000e-01
 5.94980e-01
 5.94959e-01
 5.94939e-01
 5.94918e-01
 5.94897e-01
 5.94877e-01
 5.94856e-01
 5.94836e-01
 5.94815e-01
 5.94795e-01
 5.94775e-01
 5.94754e-01
 5.94734e-01
 5.94713e-01
 5.94693e-01
 5.94672e-01
 5.94652e-01
 5.94632e-01
 5.94611e-01
 5.94591e-01
 5.94571e-01
 5.94550e-01
 5.94530e-01
 5.94510e-01
 5.94490e-01
 5.94469e-01
 5.94449e-01
 5.94429e-01
 5.94409e-01
 5.94389e-01
 5.94368e-01
 5.94348e-01
 5.94328e-01
 5.94308e-01
 5.94288e-01
 5.94268e-01
 5.94248e-01
 5.94228e-01
 5.94208e-01
 5.94188e-01
 5.94167e-01
 5.94147e-01
 5.94127e-01
 5.94107e-01
 5.94088e-01
 5.94068e-01
 5.94048e-01
 5.94028e-01
 5.94008e-01
 5.93988e-01
 5.93968e-01
 5.93948e-01
 5.93928e-01
 5.93908e-01
 5.93888e-01
 5.93869e-01
 5.93849e-01
 5.93829e-01
 5.93809e-01
 5.93789e-01
 5.93770e-01
 5.93750e-01
 5.93730e-01
 5.93711e-01
 5.93691e-01
 5.93671e-01
 5.93651e-01
 5.93632e-01
 5.93612e-01
 5.93592e-01
 5.93573e-01
 5.93553e-01
 5.93534e-01
 5.93514e-01
 5.93494e-01
 5.93475e-01
 5.93455e-01
 5.93436e-01
 5.93416e-01
 5.93397e-01
 5.93377e-01
 5.93358e-01
 5.93338e-01
 5.93319e-01
 5.93300e-01
 5.93280e-01
 5.93261e-01
 5.93241e-01
 5.93222e-01
 5.93203e-01
 5.93183e-01
 5.93164e-01
 5.93145e-01
 5.93125e-01
 5.93106e-01
 5.93087e-01
 5.93067e-01
 5.93048e-01
 5.93029e-01
 5.93010e-01
 5.92990e-01
 5.92971e-01
 5.92952e-01
 5.92933e-01
 5.92914e-01
 5.92894e-01
 5.92875e-01
 5.92856e-01
 5.92837e-01
 5.92818e-01
 5.92799e-01
 5.92780e-01
 5.92761e-01
 5.92742e-01
 5.92723e-01
 5.92704e-01
 5.92685e-01
 5.92666e-01
 5.92647e-01
 5.92628e-01
 5.92609e-01
 5.92590e-01
 5.92571e-01
 5.92552e-01
 5.92533e-01
 5.92514e-01
 5.92495e-01
 5.92476e-01
 5.92457e-01
 5.92439e-01
 5.92420e-01
 5.92401e-01
 5.92382e-01
 5.92363e-01
 5.92345e-01
 5.92326e-01
 5.92307e-01
 5.92288e-01
 5.92270e-01
 5.92251e-01
 5.92232e-01
 5.92214e-01
 5.92195e-01
 5.92176e-01
 5.92158e-01
 5.92139e-01
 5.92120e-01
 5.92102e-01
 5.92083e-01
 5.92064e-01
 5.92046e-01
 5.92027e-01
 5.92009e-01
 5.91990e-01
 5.91972e-01
 5.91953e-01
 5.91935e-01
 5.91916e-01
 5.91898e-01
 5.91879e-01
 5.91861e-01
 5.91842e-01
 5.91824e-01
 5.91806e-01
 5.91787e-01
 5.91769e-01
 5.91750e-01
 5.91732e-01
 5.91714e-01
 5.91695e-01
 5.91677e-01
 5.91659e-01
 5.91641e-01
 5.91622e-01
 5.91604e-01
 5.91586e-01
 5.91567e-01
 5.91549e-01
 5.91531e-01
 5.91513e-01
 5.91495e-01
 5.91476e-01
 5.91458e-01
 5.91440e-01
 5.91422e-01
 5.91404e-01
 5.91386e-01
 5.91368e-01
 5.91350e-01
 5.91331e-01
 5.91313e-01
 5.91295e-01
 5.91277e-01
 5.91259e-01
 5.91241e-01
 5.91223e-01
 5.91205e-01
 5.91187e-01
 5.91169e-01
 5.91151e-01
 5.91133e-01
 5.91116e-01
 5.91098e-01
 5.91080e-01
 5.91062e-01
 5.91044e-01
 5.91026e-01
 5.91008e-01
 5.90990e-01
 5.90973e-01
 5.90955e-01
 5.90937e-01
 5.90919e-01
 5.90901e-01
 5.90884e-01
 5.90866e-01
 5.90848e-01
 5.90830e-01
 5.90813e-01
 5.90795e-01
 5.90777e-01
 5.90760e-01
 5.90742e-01
 5.90724e-01
 5.90707e-01
 5.90689e-01
 5.90671e-01
 5.90654e-01
 5.90636e-01
 5.90618e-01
 5.90601e-01
 5.90583e-01
 5.90566e-01
 5.90548e-01
 5.90531e-01
 5.90513e-01
 5.90496e-01
 5.90478e-01
 5.90461e-01
 5.90443e-01
 5.90426e-01
 5.90408e-01
 5.90391e-01
 5.90374e-01
 5.90356e-01
 5.90339e-01
 5.90321e-01
 5.90304e-01
 5.90287e-01
 5.90269e-01
 5.90252e-01
 5.90235e-01
 5.90217e-01
 5.90200e-01
 5.90183e-01
 5.90166e-01
 5.90148e-01
 5.90131e-01
 5.90114e-01
 5.90097e-01
 5.90079e-01
 5.90062e-01
 5.90045e-01
 5.90028e-01
 5.90011e-01
 5.89993e-01
 5.89976e-01
 5.89959e-01
 5.89942e-01
 5.89925e-01
 5.89908e-01
 5.89891e-01
 5.89874e-01
 5.89857e-01
 5.89840e-01
 5.89823e-01
 5.89806e-01
 5.89789e-01
 5.89772e-01
 5.89755e-01
 5.89738e-01
 5.89721e-01
 5.89704e-01
 5.89687e-01
 5.89670e-01
 5.89653e-01
 5.89636e-01
 5.89619e-01
 5.89602e-01
 5.89585e-01
 5.89568e-01
 5.89552e-01
 5.89535e-01
 5.89518e-01
 5.89501e-01
 5.89484e-01
 5.89468e-01
 5.89451e-01
 5.89434e-01
 5.89417e-01
 5.89400e-01
 5.89384e-01
 5.89367e-01
 5.89350e-01
 5.89334e-01
 5.89317e-01
 5.89300e-01
 5.89284e-01
 5.89267e-01
 5.89250e-01
 5.89234e-01
 5.89217e-01
 5.89200e-01
 5.89184e-01
 5.89167e-01
 5.89151e-01
 5.89134e-01
 5.89118e-01
 5.89101e-01
 5.89085e-01
 5.89068e-01
 5.89052e-01
 5.89035e-01
 5.89019e-01
 5.89002e-01
 5.88986e-01
 5.88969e-01
 5.88953e-01
 5.88936e-01
 5.88920e-01
 5.88904e-01
 5.88887e-01
 5.88871e-01
 5.88854e-01
 5.88838e-01
 5.88822e-01
 5.88805e-01
 5.88789e-01
 5.88773e-01
 5.88757e-01
 5.88740e-01
 5.88724e-01
 5.88708e-01
 5.88691e-01
 5.88675e-01
 5.88659e-01
 5.88643e-01
 5.88627e-01
 5.88610e-01
 5.88594e-01
 5.88578e-01
 5.88562e-01
 5.88546e-01
 5.88530e-01
 5.88513e-01
 5.88497e-01
 5.88481e-01
 5.88465e-01
 5.88449e-01
 5.88433e-01
 5.88417e-01
 5.88401e-01
 5.88385e-01
 5.88369e-01
 5.88353e-01
 5.88337e-01
 5.88321e-01
 5.88305e-01
 5.88289e-01
 5.88273e-01
 5.88257e-01
 5.88241e-01
 5.88225e-01
 5.88209e-01
 5.88193e-01
 5.88177e-01
 5.88161e-01
 5.88146e-01
 5.88130e-01
 5.88114e-01
 5.88098e-01
 5.88082e-01
 5.88066e-01
 5.88051e-01
 5.88035e-01
 5.88019e-01
 5.88003e-01
 5.87987e-01
 5.87972e-01
 5.87956e-01
 5.87940e-01
 5.87925e-01
 5.87909e-01
 5.87893e-01
 5.87877e-01
 5.87862e-01
 5.87846e-01
 5.87830e-01
 5.87815e-01
 5.87799e-01
 5.87784e-01
 5.87768e-01
 5.87752e-01
 5.87737e-01
 5.87721e-01
 5.87706e-01
 5.87690e-01
 5.87675e-01
 5.87659e-01
 5.87643e-01
 5.87628e-01
 5.87612e-01
 5.87597e-01
 5.87581e-01
 5.87566e-01
 5.87551e-01
 5.87535e-01
 5.87520e-01
 5.87504e-01
 5.87489e-01
 5.87473e-01
 5.87458e-01
 5.87443e-01
 5.87427e-01
 5.87412e-01
 5.87397e-01
 5.87381e-01
 5.87366e-01
 5.87351e-01
 5.87335e-01
 5.87320e-01
 5.87305e-01
 5.87289e-01
 5.87274e-01
 5.87259e-01
 5.87244e-01
 5.87228e-01
 5.87213e-01
 5.87198e-01
 5.87183e-01
 5.87168e-01
 5.87152e-01
 5.87137e-01
 5.87122e-01
 5.87107e-01
 5.87092e-01
 5.87077e-01
 5.87062e-01
 5.87046e-01
 5.87031e-01
 5.87016e-01
 5.87001e-01
 5.86986e-01
 5.86971e-01
 5.86956e-01
 5.86941e-01
 5.86926e-01
 5.86911e-01
 5.86896e-01
 5.86881e-01
 5.86866e-01
 5.86851e-01
 5.86836e-01
 5.86821e-01
 5.86806e-01
 5.86791e-01
 5.86776e-01
 5.86761e-01
 5.86746e-01
 5.86732e-01
 5.86717e-01
 5.86702e-01
 5.86687e-01
 5.86672e-01
 5.86657e-01
 5.86642e-01
 5.86628e-01
 5.86613e-01
 5.86598e-01
 5.86583e-01
 5.86569e-01
 5.86554e-01
 5.86539e-01
 5.86524e-01
 5.86510e-01
 5.86495e-01
 5.86480e-01
 5.86465e-01
 5.86451e-01
 5.86436e-01
 5.86421e-01
 5.86407e-01
 5.86392e-01
 5.86377e-01
 5.86363e-01
 5.86348e-01
 5.86334e-01
 5.86319e-01
 5.86304e-01
 5.86290e-01
 5.86275e-01
 5.86261e-01
 5.86246e-01
 5.86232e-01
 5.86217e-01
 5.86202e-01
 5.86188e-01
 5.86173e-01
 5.86159e-01
 5.86145e-01
 5.86130e-01
 5.86116e-01
 5.86101e-01
 5.86087e-01
 5.86072e-01
 5.86058e-01
 5.86043e-01
 5.86029e-01
 5.86015e-01
 5.86000e-01
 5.85986e-01
 5.85972e-01
 5.85957e-01
 5.85943e-01
 5.85929e-01
 5.85914e-01
 5.85900e-01
 5.85886e-01
 5.85871e-01
 5.85857e-01
 5.85843e-01
 5.85829e-01
 5.85814e-01
 5.85800e-01
 5.85786e-01
 5.85772e-01
 5.85757e-01
 5.85743e-01
 5.85729e-01
 5.85715e-01
 5.85701e-01
 5.85686e-01
 5.85672e-01
 5.85658e-01
 5.85644e-01
 5.85630e-01
 5.85616e-01
 5.85602e-01
 5.85588e-01
 5.85574e-01
 5.85559e-01
 5.85545e-01
 5.85531e-01
 5.85517e-01
 5.85503e-01
 5.85489e-01
 5.85475e-01
 5.85461e-01
 5.85447e-01
 5.85433e-01
 5.85419e-01
 5.85405e-01
 5.85391e-01
 5.85377e-01
 5.85364e-01
 5.85350e-01
 5.85336e-01
 5.85322e-01
 5.85308e-01
 5.85294e-01
 5.85280e-01
 5.85266e-01
 5.85252e-01
 5.85239e-01
 5.85225e-01
 5.85211e-01
 5.85197e-01
 5.85183e-01
 5.85169e-01
 5.85156e-01
 5.85142e-01
 5.85128e-01
 5.85114e-01
 5.85101e-01
 5.85087e-01
 5.85073e-01
 5.85059e-01
 5.85046e-01
 5.85032e-01
 5.85018e-01
 5.85005e-01
 5.84991e-01
 5.84977e-01
 5.84964e-01
 5.84950e-01
 5.84936e-01
 5.84923e-01
 5.84909e-01
 5.84896e-01
 5.84882e-01
 5.84868e-01
 5.84855e-01
 5.84841e-01
 5.84828e-01
 5.84814e-01
 5.84801e-01
 5.84787e-01
 5.84773e-01
 5.84760e-01
 5.84746e-01
 5.84733e-01
 5.84719e-01
 5.84706e-01
 5.84693e-01
 5.84679e-01
 5.84666e-01
 5.84652e-01
 5.84639e-01
 5.84625e-01
 5.84612e-01
 5.84599e-01
 5.84585e-01
 5.84572e-01
 5.84558e-01
 5.84545e-01
 5.84532e-01
 5.84518e-01
 5.84505e-01
 5.84492e-01
 5.84478e-01
 5.84465e-01
 5.84452e-01
 5.84438e-01
 5.84425e-01
 5.84412e-01
 5.84399e-01
 5.84385e-01
 5.84372e-01
 5.84359e-01
 5.84346e-01
 5.84333e-01
 5.84319e-01
 5.84306e-01
 5.84293e-01
 5.84280e-01
 5.84267e-01
 5.84253e-01
 5.84240e-01
 5.84227e-01
 5.84214e-01
 5.84201e-01
 5.84188e-01
 5.84175e-01
 5.84162e-01
 5.84149e-01
 5.84135e-01
 5.84122e-01
 5.84109e-01
 5.84096e-01
 5.84083e-01
 5.84070e-01
 5.84057e-01
 5.84044e-01
 5.84031e-01
 5.84018e-01
 5.84005e-01
 5.83992e-01
 5.83979e-01
 5.83966e-01
 5.83953e-01
 5.83940e-01
 5.83927e-01
 