8.23440e+00
 8.39924e+00
 8.52253e+00
 8.64273e+00
 8.76076e+00
 8.87666e+00
 8.99045e+00
 9.10217e+00
 9.21187e+00
 9.31959e+00
 9.42535e+00
 9.52920e+00
 9.63117e+00
 9.73129e+00
 9.82959e+00
 9.92612e+00
 1.00209e+01
 1.01140e+01
 1.02053e+01
 1.02950e+01
 1.03831e+01
 1.04696e+01
 1.05546e+01
 1.06380e+01
 1.07198e+01
 1.08002e+01
 1.08792e+01
 1.09567e+01
 1.10328e+01
 1.11075e+01
 1.11809e+01
 1.12529e+01
 1.13237e+01
 1.13931e+01
 1.14613e+01
 1.15283e+01
 1.15940e+01
 1.16586e+01
 1.17220e+01
 1.17842e+01
 1.18453e+01
 1.19054e+01
 1.19643e+01
 1.20221e+01
 1.20789e+01
 1.21347e+01
 1.21895e+01
 1.22433e+01
 1.22960e+01
 1.23479e+01
 1.23988e+01
 1.24488e+01
 1.24979e+01
 1.25460e+01
 1.25934e+01
 1.26398e+01
 1.26854e+01
 1.27302e+01
 1.27742e+01
 1.28174e+01
 1.28598e+01
 1.29014e+01
 1.29423e+01
 1.29824e+01
 1.30218e+01
 1.30605e+01
 1.30985e+01
 1.31358e+01
 1.31725e+01
 1.32084e+01
 1.32437e+01
 1.32784e+01
 1.33125e+01
 1.33459e+01
 1.33787e+01
 1.34110e+01
 1.34426e+01
 1.34737e+01
 1.35042e+01
 1.35342e+01
 1.35636e+01
 1.35925e+01
 1.36208e+01
 1.36487e+01
 1.36760e+01
 1.37028e+01
 1.37292e+01
 1.37551e+01
 1.37805e+01
 1.38055e+01
 1.38300e+01
 1.38540e+01
 1.38776e+01
 1.39008e+01
 1.39236e+01
 1.39460e+01
 1.39679e+01
 1.39895e+01
 1.40107e+01
 1.40314e+01
 1.40519e+01
 1.40719e+01
 1.40916e+01
 1.41109e+01
 1.41299e+01
 1.41485e+01
 1.41668e+01
 1.41847e+01
 1.42024e+01
 1.42197e+01
 1.42367e+01
 1.42534e+01
 1.42698e+01
 1.42859e+01
 1.43017e+01
 1.43172e+01
 1.43324e+01
 1.43474e+01
 1.43620e+01
 1.43765e+01
 1.43906e+01
 1.44045e+01
 1.44182e+01
 1.44316e+01
 1.44448e+01
 1.44577e+01
 1.44704e+01
 1.44828e+01
 1.44951e+01
 1.45071e+01
 1.45189e+01
 1.45304e+01
 1.45418e+01
 1.45530e+01
 1.45639e+01
 1.45747e+01
 1.45853e+01
 1.45957e+01
 1.46058e+01
 1.46159e+01
 1.46257e+01
 1.46353e+01
 1.46448e+01
 1.46541e+01
 1.46632e+01
 1.46722e+01
 1.46810e+01
 1.46896e+01
 1.46981e+01
 1.47065e+01
 1.47146e+01
 1.47227e+01
 1.47306e+01
 1.47383e+01
 1.47459e+01
 1.47534e+01
 1.47607e+01
 1.47679e+01
 1.47750e+01
 1.47819e+01
 1.47888e+01
 1.47954e+01
 1.48020e+01
 1.48085e+01
 1.48148e+01
 1.48210e+01
 1.48271e+01
 1.48331e+01
 1.48390e+01
 1.48448e+01
 1.48505e+01
 1.48561e+01
 1.48615e+01
 1.48669e+01
 1.48722e+01
 1.48774e+01
 1.48825e+01
 1.48875e+01
 1.48924e+01
 1.48972e+01
 1.49019e+01
 1.49066e+01
 1.49111e+01
 1.49156e+01
 1.49200e+01
 1.49243e+01
 1.49285e+01
 1.49327e+01
 1.49368e+01
 1.49408e+01
 1.49447e+01
 1.49486e+01
 1.49524e+01
 1.49561e+01
 1.49598e+01
 1.49634e+01
 1.49669e+01
 1.49704e+01
 1.49738e+01
 1.49771e+01
 1.49804e+01
 1.49836e+01
 1.49868e+01
 1.49899e+01
 1.49930e+01
 1.49960e+01
 1.49989e+01
 1.50018e+01
 1.50046e+01
 1.50074e+01
 1.50101e+01
 1.50128e+01
 1.50155e+01
 1.50180e+01
 1.50206e+01
 1.50231e+01
 1.50255e+01
 1.50279e+01
 1.50303e+01
 1.50326e+01
 1.50349e+01
 1.50371e+01
 1.50393e+01
 1.50415e+01
 1.50436e+01
 1.50457e+01
 1.50477e+01
 1.50497e+01
 1.50517e+01
 1.50536e+01
 1.50555e+01
 1.50574e+01
 1.50592e+01
 1.50610e+01
 1.50628e+01
 1.50645e+01
 1.50662e+01
 1.50679e+01
 1.50695e+01
 1.50711e+01
 1.50727e+01
 1.50742e+01
 1.50758e+01
 1.50772e+01
 1.50787e+01
 1.50802e+01
 1.50816e+01
 1.50830e+01
 1.50843e+01
 1.50857e+01
 1.50870e+01
 1.50883e+01
 1.50895e+01
 1.50908e+01
 1.50920e+01
 1.50932e+01
 1.50944e+01
 1.50956e+01
 1.50967e+01
 1.50978e+01
 1.50989e+01
 1.51000e+01
 1.51010e+01
 1.51021e+01
 1.51031e+01
 1.51041e+01
 1.51051e+01
 1.51060e+01
 1.51070e+01
 1.51079e+01
 1.51088e+01
 1.51097e+01
 1.51106e+01
 1.51115e+01
 1.51123e+01
 1.51132e+01
 1.51140e+01
 1.51148e+01
 1.51156e+01
 1.51163e+01
 1.51171e+01
 1.51178e+01
 1.51186e+01
 1.51193e+01
 1.51200e+01
 1.51207e+01
 1.51214e+01
 1.51221e+01
 1.51227e+01
 1.51234e+01
 1.51240e+01
 1.51246e+01
 1.51252e+01
 1.51258e+01
 1.51264e+01
 1.51270e+01
 1.51276e+01
 1.51281e+01
 1.51287e+01
 1.51292e+01
 1.51297e+01
 1.51302e+01
 1.51308e+01
 1.51313e+01
 1.51317e+01
 1.51322e+01
 1.51327e+01
 1.51332e+01
 1.51336e+01
 1.51341e+01
 1.51345e+01
 1.51349e+01
 1.51354e+01
 1.51358e+01
 1.51362e+01
 1.51366e+01
 1.51370e+01
 1.51374e+01
 1.51377e+01
 1.51381e+01
 1.51385e+01
 1.51388e+01
 1.51392e+01
 1.51395e+01
 1.51399e+01
 1.51402e+01
 1.51405e+01
 1.51409e+01
 1.51412e+01
 1.51415e+01
 1.51418e+01
 1.51421e+01
 1.51424e+01
 1.51427e+01
 1.51430e+01
 1.51432e+01
 1.51435e+01
 1.51438e+01
 1.51440e+01
 1.51443e+01
 1.51446e+01
 1.51448e+01
 1.51451e+01
 1.51453e+01
 1.51455e+01
 1.51458e+01
 1.51460e+01
 1.51462e+01
 1.51464e+01
 1.51467e+01
 1.51469e+01
 1.51471e+01
 1.51473e+01
 1.51475e+01
 1.51477e+01
 1.51479e+01
 1.51481e+01
 1.51482e+01
 1.51484e+01
 1.51486e+01
 1.51488e+01
 1.51490e+01
 1.51491e+01
 1.51493e+01
 1.51495e+01
 1.51496e+01
 1.51498e+01
 1.51499e+01
 1.51501e+01
 1.51502e+01
 1.51504e+01
 1.51505e+01
 1.51507e+01
 1.51508e+01
 1.51509e+01
 1.51511e+01
 1.51512e+01
 1.51513e+01
 1.51515e+01
 1.51516e+01
 1.51517e+01
 1.51518e+01
 1.51519e+01
 1.51521e+01
 1.51522e+01
 1.51523e+01
 1.51524e+01
 1.51525e+01
 1.51526e+01
 1.51527e+01
 1.51528e+01
 1.51529e+01
 1.51530e+01
 1.51531e+01
 1.51532e+01
 1.51533e+01
 1.51534e+01
 1.51535e+01
 1.51536e+01
 1.51537e+01
 1.51537e+01
 1.51538e+01
 1.51539e+01
 1.51540e+01
 1.51541e+01
 1.51541e+01
 1.51542e+01
 1.51543e+01
 1.51544e+01
 1.51544e+01
 1.51545e+01
 1.51546e+01
 1.51546e+01
 1.51547e+01
 1.51548e+01
 1.51548e+01
 1.51549e+01
 1.51550e+01
 1.51550e+01
 1.51551e+01
 1.51551e+01
 1.51552e+01
 1.51553e+01
 1.51553e+01
 1.51554e+01
 1.51554e+01
 1.51555e+01
 1.51555e+01
 1.51556e+01
 1.51556e+01
 1.51557e+01
 1.51557e+01
 1.51558e+01
 1.51558e+01
 1.51559e+01
 1.51559e+01
 1.51560e+01
 1.51560e+01
 1.51560e+01
 1.51561e+01
 1.51561e+01
 1.51562e+01
 1.51562e+01
 1.51562e+01
 1.51563e+01
 1.51563e+01
 1.51564e+01
 1.51564e+01
 1.51564e+01
 1.51565e+01
 1.51565e+01
 1.51565e+01
 1.51566e+01
 1.51566e+01
 1.51566e+01
 1.51567e+01
 1.51567e+01
 1.51567e+01
 1.51567e+01
 1.51568e+01
 1.51568e+01
 1.51568e+01
 1.51569e+01
 1.51569e+01
 1.51569e+01
 1.51569e+01
 1.51570e+01
 1.51570e+01
 1.51570e+01
 1.51570e+01
 1.51571e+01
 1.51571e+01
 1.51571e+01
 1.51571e+01
 1.51571e+01
 1.51572e+01
 1.51572e+01
 1.51572e+01
 1.51572e+01
 1.51573e+01
 1.51573e+01
 1.51573e+01
 1.51573e+01
 1.51573e+01
 1.51573e+01
 1.51574e+01
 1.51574e+01
 1.51574e+01
 1.51574e+01
 1.51574e+01
 1.51574e+01
 1.51575e+01
 1.51575e+01
 1.51575e+01
 1.51575e+01
 1.51575e+01
 1.51575e+01
 1.51576e+01
 1.51576e+01
 1.51576e+01
 1.51576e+01
 1.51576e+01
 1.51576e+01
 1.51576e+01
 1.51576e+01
 1.51577e+01
 1.51577e+01
 1.51577e+01
 1.51577e+01
 1.51577e+01
 1.51577e+01
 1.51577e+01
 1.51577e+01
 1.51578e+01
 1.51578e+01
 1.51578e+01
 1.51578e+01
 1.51578e+01
 1.51578e+01
 1.51578e+01
 1.51578e+01
 1.51578e+01
 1.51578e+01
 1.51579e+01
 1.51579e+01
 1.51579e+01
 1.51579e+01
 1.51579e+01
 1.51579e+01
 1.51579e+01
 1.51579e+01
 1.51579e+01
 1.51579e+01
 1.51579e+01
 1.51579e+01
 1.51579e+01
 1.51580e+01
 1.51580e+01
 1.51580e+01
 1.51580e+01
 1.51580e+01
 1.51580e+01
 1.51580e+01
 1.51580e+01
 1.51580e+01
 1.51580e+01
 1.51580e+01
 1.51580e+01
 1.51580e+01
 1.51580e+01
 1.51580e+01
 1.51580e+01
 1.51581e+01
 1.51581e+01
 1.51581e+01
 1.51581e+01
 1.51581e+01
 1.51581e+01
 1.51581e+01
 1.51581e+01
 1.51581e+01
 1.51581e+01
 1.51581e+01
 1.51581e+01
 1.51581e+01
 1.51581e+01
 1.51581e+01
 1.51581e+01
 1.51581e+01
 1.51581e+01
 1.51581e+01
 1.51581e+01
 1.51581e+01
 1.51581e+01
 1.51581e+01
 1.51581e+01
 1.51582e+01
 1.51582e+01
 1.51582e+01
 1.51582e+01
 1.51582e+01
 1.51582e+01
 1.51582e+01
 1.51582e+01
 1.51582e+01
 1.51582e+01
 1.51582e+01
 1.51582e+01
 1.51582e+01
 1.51582e+01
 1.51582e+01
 1.51582e+01
 1.51582e+01
 1.51582e+01
 1.51582e+01
 1.51582e+01
 1.51582e+01
 1.51582e+01
 1.51582e+01
 1.51582e+01
 1.51582e+01
 1.51582e+01
 1.51582e+01
 1.51582e+01
 1.51582e+01
 1.51582e+01
 1.51582e+01
 1.51582e+01
 1.51582e+01
 1.51582e+01
 1.51582e+01
 1.51582e+01
 1.51582e+01
 1.51582e+01
 1.51582e+01
 1.51582e+01
 1.51582e+01
 1.51583e+01
 1.51583e+01
 1.51583e+01
 1.51583e+01
 1.51583e+01
 1.51583e+01
 1.51583e+01
 1.51583e+01
 1.51583e+01
 1.51583e+01
 1.51583e+01
 1.51583e+01
 1.51583e+01
 1.51583e+01
 1.51583e+01
 1.51583e+01
 1.51583e+01
 1.51583e+01
 1.51583e+01
 1.51583e+01
 1.51583e+01
 1.51583e+01
 1.51583e+01
 1.51583e+01
 1.51583e+01
 1.51583e+01
 1.51583e+01
 1.51583e+01
 1.51583e+01
 1.51583e+01
 1.51583e+01
 1.51583e+01
 1.51583e+01
 1.51583e+01
 1.51583e+01
 1.51583e+01
 1.51583e+01
 1.51583e+01
 1.51583e+01
 1.51583e+01
 1.51583e+01
 1.51583e+01
 1.51583e+01
 1.51583e+01
 1.51583e+01
 1.51583e+01
 1.51583e+01
 1.51583e+01
 1.51583e+01
 1.51583e+01
 1.51583e+01
 1.51583e+01
 1.51583e+01
 1.51583e+01
 1.51583e+01
 1.51583e+01
 1.51583e+01
 1.51583e+01
 1.51583e+01
 1.51583e+01
 1.51583e+01
 1.51583e+01
 1.51583e+01
 1.51583e+01
 1.51583e+01
 1.51583e+01
 1.51583e+01
 1.51583e+01
 1.51583e+01
 1.51583e+01
 1.51583e+01
 1.51583e+01
 1.51583e+01
 1.51583e+01
 1.51583e+01
 1.51583e+01
 1.51583e+01
 1.51583e+01
 1.51583e+01
 1.51583e+01
 1.51583e+01
 1.51583e+01
 1.51583e+01
 1.51583e+01
 1.51583e+01
 1.51583e+01
 1.51583e+01
 1.51583e+01
 1.51583e+01
 1.51583e+01
 1.51583e+01
 1.51583e+01
 1.51583e+01
 1.51583e+01
 1.51583e+01
 1.51583e+01
 1.51583e+01
 1.51583e+01
 1.51583e+01
 1.51583e+01
 1.51583e+01
 1.51583e+01
 1.51583e+01
 1.51583e+01
 1.51583e+01
 1.51583e+01
 1.51583e+01
 1.51583e+01
 1.51583e+01
 1.51583e+01
 1.51583e+01
 1.51583e+01
 1.51583e+01
 1.51583e+01
 1.51583e+01
 1.51583e+01
 1.51583e+01
 1.51583e+01
 1.51583e+01
 1.51583e+01
 1.51583e+01
 1.51583e+01
 1.51583e+01
 1.51583e+01
 1.51583e+01
 1.51583e+01
 1.51583e+01
 1.51583e+01
 1.51583e+01
 1.51583e+01
 1.51583e+01
 1.51583e+01
 1.51583e+01
 1.51583e+01
 1.51583e+01
 1.51583e+01
 1.51583e+01
 1.51583e+01
 1.51583e+01
 1.51583e+01
 1.51583e+01
 1.51583e+01
 1.51583e+01
 1.51583e+01
 1.51583e+01
 1.51583e+01
 1.51583e+01
 1.51583e+01
 1.51583e+01
 1.51583e+01
 1.51583e+01
 1.51583e+01
 1.51583e+01
 1.51583e+01
 1.51583e+01
 1.51583e+01
 1.51583e+01
 1.51583e+01
 1.51583e+01
 1.51583e+01
 1.51583e+01
 1.51583e+01
 1.51583e+01
 1.51583e+01
 1.51583e+01
 1.51583e+01
 1.51583e+01
 1.51583e+01
 1.51583e+01
 1.51583e+01
 1.51583e+01
 1.51583e+01
 1.51583e+01
 1.51583e+01
 1.51583e+01
 1.51583e+01
 1.51583e+01
 1.51583e+01
 1.51583e+01
 1.51583e+01
 1.51583e+01
 1.51583e+01
 1.51583e+01
 1.51583e+01
 1.51583e+01
 1.51583e+01
 1.51583e+01
 1.51583e+01
 1.51583e+01
 1.51583e+01
 1.51583e+01
 1.51583e+01
 1.51583e+01
 1.51583e+01
 1.51583e+01
 1.51583e+01
 1.51583e+01
 1.51583e+01
 1.51583e+01
 1.51583e+01
 1.51583e+01
 1.51583e+01
 1.51583e+01
 1.51583e+01
 1.51583e+01
 1.51583e+01
 1.51583e+01
 1.51583e+01
 1.51583e+01
 1.51583e+01
 1.51583e+01
 1.51583e+01
 1.51583e+01
 1.51583e+01
 1.51583e+01
 1.51583e+01
 1.51583e+01
 1.51583e+01
 1.51583e+01
 1.51583e+01
 1.51583e+01
 1.51583e+01
 1.51583e+01
 1.51583e+01
 1.51583e+01
 1.51583e+01
 1.51583e+01
 1.51583e+01
 1.51583e+01
 1.51583e+01
 1.51583e+01
 1.51583e+01
 1.51583e+01
 1.51583e+01
 1.51583e+01
 1.51583e+01
 1.51583e+01
 1.51583e+01
 1.51583e+01
 1.51583e+01
 1.51583e+01
 1.51583e+01
 1.51583e+01
 1.51583e+01
 1.51583e+01
 1.51583e+01
 1.51583e+01
 1.51583e+01
 1.51583e+01
 1.51583e+01
 1.51583e+01
 1.51583e+01
 1.51583e+01
 1.51583e+01
 1.51583e+01
 1.51583e+01
 1.51583e+01
 1.51583e+01
 1.51583e+01
 1.51583e+01
 1.51583e+01
 1.51583e+01
 1.51583e+01
 1.51583e+01
 1.51583e+01
 1.51583e+01
 1.51583e+01
 1.51583e+01
 1.51583e+01
 1.51583e+01
 1.51583e+01
 1.51583e+01
 1.51583e+01
 1.51583e+01
 1.51583e+01
 1.51583e+01
 1.51583e+01
 1.51583e+01
 1.51583e+01
 1.51583e+01
 1.51583e+01
 1.51583e+01
 1.51583e+01
 1.51583e+01
 1.51583e+01
 1.51583e+01
 1.51583e+01
 1.51583e+01
 1.51583e+01
 1.51583e+01
 1.51583e+01
 1.51583e+01
 1.51583e+01
 1.51583e+01
 1.51583e+01
 1.51583e+01
 1.51583e+01
 1.51583e+01
 1.51583e+01
 1.51583e+01
 1.51583e+01
 1.51583e+01
 1.51583e+01
 1.51583e+01
 1.51583e+01
 1.51583e+01
 1.51583e+01
 1.51583e+01
 1.51583e+01
 1.51583e+01
 1.51583e+01
 1.51583e+01
 1.51583e+01
 1.51583e+01
 1.51583e+01
 1.51583e+01
 1.51583e+01
 1.51583e+01
 1.51583e+01
 1.51583e+01
 1.51583e+01
 1.51583e+01
 1.51583e+01
 1.51583e+01
 1.51583e+01
 1.51583e+01
 1.51583e+01
 1.51583e+01
 1.51583e+01
 1.51583e+01
 1.51583e+01
 1.51583e+01
 1.51583e+01
 1.51583e+01
 1.51583e+01
 1.51583e+01
 1.51583e+01
 1.51583e+01
 1.51583e+01
 1.51583e+01
 1.51583e+01
 1.51583e+01
 1.51583e+01
 1.51583e+01
 1.51583e+01
 1.51583e+01
 1.51583e+01
 1.51583e+01
 1.51583e+01
 1.51583e+01
 1.51583e+01
 1.51583e+01
 1.51583e+01
 1.51583e+01
 1.51583e+01
 1.51583e+01
 1.51583e+01
 1.51583e+01
 1.51583e+01
 1.51583e+01
 1.51583e+01
 1.51583e+01
 1.51583e+01
 1.51583e+01
 1.51583e+01
 1.51583e+01
 1.51583e+01
 1.51583e+01
 1.51583e+01
 1.51583e+01
 1.51583e+01
 1.51583e+01
 1.51583e+01
 1.51583e+01
 1.51583e+01
 1.51583e+01
 1.51583e+01
 1.51583e+01
 1.51583e+01
 1.51583e+01
 1.51583e+01
 1.51583e+01
 1.51583e+01
 1.51583e+01
 1.51583e+01
 1.51583e+01
 1.51583e+01
 1.51583e+01
 1.51583e+01
 1.51583e+01
 1.51583e+01
 1.51583e+01
 1.51583e+01
 1.51583e+01
 1.51583e+01
 1.51583e+01
 1.51583e+01
 1.51583e+01
 1.51583e+01
 1.51583e+01
 1.51583e+01
 1.51583e+01
 1.51583e+01
 1.51583e+01
 1.51583e+01
 1.51583e+01
 1.51583e+01
 1.51583e+01
 1.51583e+01
 1.51583e+01
 1.51583e+01
 1.51583e+01
 1.51583e+01
 1.51583e+01
 1.51583e+01
 1.51583e+01
 1.51583e+01
 1.51583e+01
 1.51583e+01
 1.51583e+01
 1.51583e+01
 1.51583e+01
 1.51583e+01
 1.51583e+01
 1.51583e+01
 1.51583e+01
 1.51583e+01
 1.51583e+01
 1.51583e+01
 1.51583e+01
 1.51583e+01
 1.51583e+01
 1.51583e+01
 1.51583e+01
 1.51583e+01
 1.51583e+01
 1.51583e+01
 1.51583e+01
 1.51583e+01
 1.51583e+01
 1.51583e+01
 1.51583e+01
 1.51583e+01
 1.51583e+01
 1.51583e+01
 1.51583e+01
 1.51583e+01
 1.51583e+01
 1.51583e+01
 1.51583e+01
 1.51583e+01
 1.51583e+01
 1.51583e+01
 1.51583e+01
 1.51583e+01
 1.51583e+01
 1.51583e+01
 1.51583e+01
 1.51583e+01
 1.51583e+01
 1.51583e+01
 1.51583e+01
 1.51583e+01
 1.51583e+01
 1.51583e+01
 1.51583e+01
 1.51583e+01
 1.51583e+01
 1.51583e+01
 1.51583e+01
 1.51583e+01
 1.51583e+01
 1.51583e+01
 1.51583e+01
 1.51583e+01
 1.51583e+01
 1.51583e+01
 1.51583e+01
 1.51583e+01
 1.51583e+01
 1.51583e+01
 1.51583e+01
 1.51583e+01
 1.51583e+01
 1.51583e+01
 1.51583e+01
 1.51583e+01
 1.51583e+01
 1.51583e+01
 1.51583e+01
 1.51583e+01
 1.51583e+01
 1.51583e+01
 1.51583e+01
 1.51583e+01
 1.51583e+01
 1.51583e+01
 1.51583e+01
 1.51583e+01
 1.51583e+01
 1.51583e+01
 1.51583e+01
 1.51583e+01
 1.51583e+01
 1.51583e+01
 1.51583e+01
 1.51583e+01
 1.51583e+01
 1.51583e+01
 1.51583e+01
 1.51583e+01
 1.51583e+01
 1.51583e+01
 1.51583e+01
 1.51583e+01
 1.51583e+01
 1.51583e+01
 1.51583e+01
 1.51583e+01
 1.51583e+01
 1.51583e+01
 1.51583e+01
 1.51583e+01
 1.51583e+01
 1.51583e+01
 1.51583e+01
 1.51583e+01
 1.51583e+01
 1.51583e+01
 1.51583e+01
 1.51583e+01
 1.51583e+01
 1.51583e+01
 1.51583e+01
 1.51583e+01
 1.51583e+01
 1.51583e+01
 1.51583e+01
 1.51583e+01
 1.51583e+01
 1.51583e+01
 1.51583e+01
 1.51583e+01
 1.51583e+01
 1.51583e+01
 1.51583e+01
 1.51583e+01
 1.51583e+01
 1.51583e+01
 1.51583e+01
 1.51583e+01
 1.51583e+01
 1.51583e+01
 1.51583e+01
 1.51583e+01
 1.51583e+01
 1.51583e+01
 1.51583e+01
 1.51583e+01
 1.51583e+01
 1.51583e+01
 1.51583e+01
 1.51583e+01
 1.51583e+01
 1.51583e+01
 1.51583e+01
 1.51583e+01
 1.51583e+01
 1.51583e+01
 1.51583e+01
 1.51583e+01
 1.51583e+01
 1.51583e+01
 1.51583e+01
 1.51583e+01
 1.51583e+01
 1.51583e+01
 1.51583e+01
 1.51583e+01
 1.51583e+01
 1.51583e+01
 1.51583e+01
 1.51583e+01
 1.51583e+01
 1.51583e+01
 1.51583e+01
 1.51583e+01
 1.51583e+01
 1.51583e+01
 1.51583e+01
 1.51583e+01
 1.51583e+01
 1.51583e+01
 1.51583e+01
 1.51583e+01
 1.51583e+01
 1.51583e+01
 1.51583e+01
 1.51583e+01
 1.51583e+01
 1.51583e+01
 1.51583e+01
 1.51583e+01
 1.51583e+01
 1.51583e+01
 1.51583e+01
 1.51583e+01
 1.51583e+01
 1.51583e+01
 1.51583e+01
 1.51583e+01
 1.51583e+01
 1.51583e+01
 1.51583e+01
 1.51583e+01
 1.51583e+01
 1.51583e+01
 1.51583e+01
 1.51583e+01
 1.51583e+01
 1.51583e+01
 1.51583e+01
 1.51583e+01
 1.51583e+01
 1.51583e+01
 1.51583e+01
 1.51583e+01
 1.51583e+01
 1.51583e+01
 1.51583e+01
 1.51583e+01
 1.51583e+01
 1.51583e+01
 1.51583e+01
 1.51583e+01
 1.51583e+01
 1.51583e+01
 1.51583e+01
 1.51583e+01
 1.51583e+01
 1.51583e+01
 1.51583e+01
 1.51583e+01
 1.51583e+01
 1.51583e+01
 1.51583e+01
 1.51583e+01
 1.51583e+01
 1.51583e+01
 1.51583e+01
 1.51583e+01
 1.51583e+01
 1.51583e+01
 1.51583e+01
 1.51583e+01
 1.51583e+01
 1.51583e+01
 1.51583e+01
 1.51583e+01
 1.51583e+01
 1.51583e+01
 1.51583e+01
 1.51583e+01
 1.51583e+01
 1.51583e+01
 1.51583e+01
 1.51583e+01
 1.51583e+01
 1.51583e+01
 1.51583e+01
 1.51583e+01
 1.51583e+01
 1.51583e+01
 1.51583e+01
 1.51583e+01
 1.51583e+01
 1.51583e+01
 1.51583e+01
 1.51583e+01
 1.51583e+01
 1.51583e+01
 1.51583e+01
 1.51583e+01
 1.51583e+01
 1.51583e+01
 1.51583e+01
 1.51583e+01
 1.51583e+01
 1.51583e+01
 1.51583e+01
 1.51583e+01
 1.51583e+01
 1.51583e+01
 1.51583e+01
 1.51583e+01
 1.51583e+01
 1.51583e+01
 1.51583e+01
 1.51583e+01
 1.51583e+01
 1.51583e+01
 1.51583e+01
 1.51583e+01
 1.51583e+01
 1.51583e+01
 1.51583e+01
 1.51583e+01
 1.51583e+01
 1.51583e+01
 1.51583e+01
 1.51583e+01
 1.51583e+01
 1.51583e+01
 1.51583e+01
 1.51583e+01
 1.51583e+01
 1.51583e+01
 1.51583e+01
 1.51583e+01
 1.51583e+01
 1.51583e+01
 1.51583e+01
 1.51583e+01
 1.51583e+01
 1.51583e+01
 1.51583e+01
 1.51583e+01
 1.51583e+01
 1.51583e+01
 1.51583e+01
 1.51583e+01
 1.51583e+01
 1.51583e+01
 1.51583e+01
 1.51583e+01
 1.51583e+01
 1.51583e+01
 1.51583e+01
 1.51583e+01
 1.51583e+01
 1.51583e+01
 1.51583e+01
 1.51583e+01
 1.51583e+01
 1.51583e+01
 1.51583e+01
 1.51583e+01
 1.51583e+01
 1.51583e+01
 1.51583e+01
 1.51583e+01
 1.51583e+01
 1.51583e+01
 1.51583e+01
 1.51583e+01
 1.51583e+01
 1.51583e+01
 1.51583e+01
 1.51583e+01
 1.51583e+01
 1.51583e+01
 1.51583e+01
 1.51583e+01
 1.51583e+01
 1.51583e+01
 1.51583e+01
 1.51583e+01
 1.51583e+01
 1.51583e+01
 1.51583e+01
 1.51583e+01
 1.51583e+01
 1.51583e+01
 1.51583e+01
 1.51583e+01
 1.51583e+01
 1.51583e+01
 1.51583e+01
 1.51583e+01
 1.51583e+01
 1.51583e+01
 1.51583e+01
 1.51583e+01
 1.51583e+01
 1.51583e+01
 1.51583e+01
 1.51583e+01
 1.51583e+01
 1.51583e+01
 1.51583e+01
 1.51583e+01
 1.51583e+01
 1.51583e+01
 1.51583e+01
 1.51583e+01
 1.51583e+01
 1.51583e+01
 1.51583e+01
 1.51583e+01
 1.51583e+01
 1.51583e+01
 1.51583e+01
 1.51583e+01
 1.51583e+01
 1.51583e+01
 1.51583e+01
 1.51583e+01
 1.51583e+01
 1.51583e+01
 1.51583e+01
 1.51583e+01
 1.51583e+01
 1.51583e+01
 1.51583e+01
 1.51583e+01
 1.51583e+01
 1.51583e+01
 1.51583e+01
 1.51583e+01
 1.51583e+01
 1.51583e+01
 1.51583e+01
 1.51583e+01
 1.51583e+01
 1.51583e+01
 1.51583e+01
 1.51583e+01
 1.51583e+01
 1.51583e+01
 1.51583e+01
 1.51583e+01
 1.51583e+01
 1.51583e+01
 1.51583e+01
 1.51583e+01
 1.51583e+01
 1.51583e+01
 1.51583e+01
 1.51583e+01
 1.51583e+01
 1.51583e+01
 1.51583e+01
 1.51583e+01
 1.51583e+01
 1.51583e+01
 1.51583e+01
 1.51583e+01
 1.51583e+01
 1.51583e+01
 1.51583e+01
 1.51583e+01
 1.51583e+01
 1.51583e+01
 1.51583e+01
 1.51583e+01
 1.51583e+01
 1.51583e+01
 1.51583e+01
 1.51583e+01
 1.51583e+01
 1.51583e+01
 1.51583e+01
 1.51583e+01
 1.51583e+01
 1.51583e+01
 1.51583e+01
 1.51583e+01
 1.51583e+01
 1.51583e+01
 1.51583e+01
 1.51583e+01
 1.51583e+01
 1.51583e+01
 1.51583e+01
 1.51583e+01
 1.51583e+01
 1.51583e+01
 1.51583e+01
 1.51583e+01
 1.51583e+01
 1.51583e+01
 1.51583e+01
 1.51583e+01
 1.51583e+01
 1.51583e+01
 1.51583e+01
 1.51583e+01
 1.51583e+01
 1.51583e+01
 1.51583e+01
 1.51583e+01
 1.51583e+01
 1.51583e+01
 1.51583e+01
 1.51583e+01
 1.51583e+01
 1.51583e+01
 1.51583e+01
 1.51583e+01
 1.51583e+01
 1.51583e+01
 1.51583e+01
 1.51583e+01
 1.51583e+01
 1.51583e+01
 1.51583e+01
 1.51583e+01
 1.51583e+01
 1.51583e+01
 1.51583e+01
 1.51583e+01
 1.51583e+01
 1.51583e+01
 1.51583e+01
 1.51583e+01
 1.51583e+01
 1.51583e+01
 1.51583e+01
 1.51583e+01
 1.51583e+01
 1.51583e+01
 1.51583e+01
 1.51583e+01
 1.51583e+01
 1.51583e+01
 1.51583e+01
 1.51583e+01
 1.51583e+01
 1.51583e+01
 1.51583e+01
 1.51583e+01
 1.51583e+01
 1.51583e+01
 1.51583e+01
 1.51583e+01
 1.51583e+01
 1.51583e+01
 1.51583e+01
 1.51583e+01
 1.51583e+01
 1.51583e+01
 1.51583e+01
 1.51583e+01
 1.51583e+01
 1.51583e+01
 1.51583e+01
 1.51583e+01
 1.51583e+01
 1.51583e+01
 1.51583e+01
 1.51583e+01
 1.51583e+01
 1.51583e+01
 1.51583e+01
 1.51583e+01
 1.51583e+01
 1.51583e+01
 1.51583e+01
 1.51583e+01
 1.51583e+01
 1.51583e+01
 1.51583e+01
 1.51583e+01
 1.51583e+01
 1.51583e+01
 1.51583e+01
 1.51583e+01
 1.51583e+01
 1.51583e+01
 1.51583e+01
 1.51583e+01
 1.51583e+01
 1.51583e+01
 1.51583e+01
 1.51583e+01
 1.51583e+01
 1.51583e+01
 1.51583e+01
 1.51583e+01
 1.51583e+01
 1.51583e+01
 1.51583e+01
 1.51583e+01
 1.51583e+01
 1.51583e+01
 1.51583e+01
 1.51583e+01
 1.51583e+01
 1.51583e+01
 1.51583e+01
 1.51583e+01
 1.51583e+01
 1.51583e+01
 1.51583e+01
 1.51583e+01
 1.51583e+01
 1.51583e+01
 1.51583e+01
 1.51583e+01
 1.51583e+01
 1.51583e+01
 1.51583e+01
 1.51583e+01
 1.51583e+01
 1.51583e+01
 1.51583e+01
 1.51583e+01
 1.51583e+01
 1.51583e+01
 1.51583e+01
 1.51583e+01
 1.51583e+01
 1.51583e+01
 1.51583e+01
 1.51583e+01
 1.51583e+01
 1.51583e+01
 1.51583e+01
 1.51583e+01
 1.51583e+01
 1.51583e+01
 1.51583e+01
 1.51583e+01
 1.51583e+01
 1.51583e+01
 1.51583e+01
 1.51583e+01
 1.51583e+01
 1.51583e+01
 1.51583e+01
 1.51583e+01
 1.51583e+01
 1.51583e+01
 1.51583e+01
 1.51583e+01
 1.51583e+01
 1.51583e+01
 1.51583e+01
 1.51583e+01
 1.51583e+01
 1.51583e+01
 1.51583e+01
 1.51583e+01
 1.51583e+01
 1.51583e+01
 1.51583e+01
 1.51583e+01
 1.51583e+01
 1.51583e+01
 1.51583e+01
 1.51583e+01
 1.51583e+01
 1.51583e+01
 1.51583e+01
 1.51583e+01
 1.51583e+01
 1.51583e+01
 1.51583e+01
 1.51583e+01
 1.51583e+01
 1.51583e+01
 1.51583e+01
 1.51583e+01
 1.51583e+01
 1.51583e+01
 1.51583e+01
 1.51583e+01
 1.51583e+01
 1.51583e+01
 1.51583e+01
 1.51583e+01
 1.51583e+01
 1.51583e+01
 1.51583e+01
 1.51583e+01
 1.51583e+01
 1.51583e+01
 1.51583e+01
 1.51583e+01
 1.51583e+01
 1.51583e+01
 1.51583e+01
 1.51583e+01
 1.51583e+01
 1.51583e+01
 1.51583e+01
 1.51583e+01
 1.51583e+01
 1.51583e+01
 1.51583e+01
 1.51583e+01
 1.51583e+01
 1.51583e+01
 1.51583e+01
 1.51583e+01
 1.51583e+01
 1.51583e+01
 1.51583e+01
 1.51583e+01
 1.51583e+01
 1.51583e+01
 1.51583e+01
 1.51583e+01
 1.51583e+01
 1.51583e+01
 1.51583e+01
 1.51583e+01
 1.51583e+01
 1.51583e+01
 1.51583e+01
 1.51583e+01
 1.51583e+01
 1.51583e+01
 1.51583e+01
 1.51583e+01
 1.51583e+01
 1.51583e+01
 1.51583e+01
 1.51583e+01
 1.51583e+01
 1.51583e+01
 1.51583e+01
 1.51583e+01
 1.51583e+01
 1.51583e+01
 1.51583e+01
 1.51583e+01
 1.51583e+01
 1.51583e+01
 1.51583e+01
 1.51583e+01
 1.51583e+01
 1.51583e+01
 1.51583e+01
 1.51583e+01
 1.51583e+01
 1.51583e+01
 1.51583e+01
 1.51583e+01
 1.51583e+01
 1.51583e+01
 1.51583e+01
 1.51583e+01
 1.51583e+01
 1.51583e+01
 1.51583e+01
 1.51583e+01
 1.51583e+01
 1.51583e+01
 1.51583e+01
 1.51583e+01
 1.51583e+01
 1.51583e+01
 1.51583e+01
 1.51583e+01
 1.51583e+01
 1.51583e+01
 1.51583e+01
 1.51583e+01
 1.51583e+01
 1.51583e+01
 1.51583e+01
 1.51583e+01
 1.51583e+01
 1.51583e+01
 1.51583e+01
 1.51583e+01
 1.51583e+01
 1.51583e+01
 1.51583e+01
 1.51583e+01
 1.51583e+01
 1.51583e+01
 1.51583e+01
 1.51583e+01
 1.51583e+01
 1.51583e+01
 1.51583e+01
 1.51583e+01
 1.51583e+01
 1.51583e+01
 1.51583e+01
 1.51583e+01
 1.51583e+01
 1.51583e+01
 1.51583e+01
 1.51583e+01
 1.51583e+01
 1.51583e+01
 1.51583e+01
 1.51583e+01
 1.51583e+01
 1.51583e+01
 1.51583e+01
 1.51583e+01
 1.51583e+01
 1.51583e+01
 1.51583e+01
 1.51583e+01
 1.51583e+01
 1.51583e+01
 1.51583e+01
 1.51583e+01
 1.51583e+01
 1.51583e+01
 1.51583e+01
 1.51583e+01
 1.51583e+01
 1.51583e+01
 1.51583e+01
 1.51583e+01
 1.51583e+01
 1.51583e+01
 1.51583e+01
 1.51583e+01
 1.51583e+01
 1.51583e+01
 1.51583e+01
 1.51583e+01
 1.51583e+01
 1.51583e+01
 1.51583e+01
 1.51583e+01
 1.51583e+01
 1.51583e+01
 1.51583e+01
 1.51583e+01
 1.51583e+01
 1.51583e+01
 1.51583e+01
 1.51583e+01
 1.51583e+01
 1.51583e+01
 1.51583e+01
 1.51583e+01
 1.51583e+01
 1.51583e+01
 1.51583e+01
 1.51583e+01
 1.51583e+01
 1.51583e+01
 1.51583e+01
 1.51583e+01
 1.51583e+01
 1.51583e+01
 1.51583e+01
 1.51583e+01
 1.51583e+01
 1.51583e+01
 1.51583e+01
 1.51583e+01
 1.51583e+01
 1.51583e+01
 1.51583e+01
 1.51583e+01
 1.51583e+01
 1.51583e+01
 1.51583e+01
 1.51583e+01
 1.51583e+01
 1.51583e+01
 1.51583e+01
 1.51583e+01
 1.51583e+01
 1.51583e+01
 1.51583e+01
 1.51583e+01
 1.51583e+01
 1.51583e+01
 1.51583e+01
 1.51583e+01
 1.51583e+01
 1.51583e+01
 1.51583e+01
 1.51583e+01
 1.51583e+01
 1.51583e+01
 1.51583e+01
 1.51583e+01
 1.51583e+01
 1.51583e+01
 1.51583e+01
 1.51583e+01
 1.51583e+01
 1.51583e+01
 1.51583e+01
 1.51583e+01
 1.51583e+01
 1.51583e+01
 1.51583e+01
 1.51583e+01
 1.51583e+01
 1.51583e+01
 1.51583e+01
 1.51583e+01
 1.51583e+01
 1.51583e+01
 1.51583e+01
 1.51583e+01
 1.51583e+01
 1.51583e+01
 1.51583e+01
 1.51583e+01
 1.51583e+01
 1.51583e+01
 1.51583e+01
 1.51583e+01
 1.51583e+01
 1.51583e+01
 1.51583e+01
 1.51583e+01
 1.51583e+01
 1.51583e+01
 1.51583e+01
 1.51583e+01
 1.51583e+01
 1.51583e+01
 1.51583e+01
 1.51583e+01
 1.51583e+01
 1.51583e+01
 1.51583e+01
 1.51583e+01
 1.51583e+01
 1.51583e+01
 1.51583e+01
 1.51583e+01
 1.51583e+01
 1.51583e+01
 1.51583e+01
 1.51583e+01
 1.51583e+01
 1.51583e+01
 1.51583e+01
 1.51583e+01
 1.51583e+01
 1.51583e+01
 1.51583e+01
 1.51583e+01
 1.51583e+01
 1.51583e+01
 1.51583e+01
 1.51583e+01
 1.51583e+01
 1.51583e+01
 1.51583e+01
 1.51583e+01
 1.51583e+01
 1.51583e+01
 1.51583e+01
 1.51583e+01
 1.51583e+01
 1.51583e+01
 1.51583e+01
 1.51583e+01
 1.51583e+01
 1.51583e+01
 1.51583e+01
 1.51583e+01
 1.51583e+01
 1.51583e+01
 1.51583e+01
 1.51583e+01
 1.51583e+01
 1.51583e+01
 1.51583e+01
 1.51583e+01
 1.51583e+01
 1.51583e+01
 1.51583e+01
 1.51583e+01
 1.51583e+01
 1.51583e+01
 1.51583e+01
 1.51583e+01
 1.51583e+01
 1.51583e+01
 1.51583e+01
 1.51583e+01
 1.51583e+01
 1.51583e+01
 1.51583e+01
 