3.10812e+00
 3.16303e+00
 3.17863e+00
 3.19319e+00
 3.20761e+00
 3.22190e+00
 3.23606e+00
 3.25009e+00
 3.26400e+00
 3.27778e+00
 3.29144e+00
 3.30498e+00
 3.31839e+00
 3.33169e+00
 3.34486e+00
 3.35792e+00
 3.37086e+00
 3.38368e+00
 3.39639e+00
 3.40898e+00
 3.42146e+00
 3.43383e+00
 3.44608e+00
 3.45823e+00
 3.47027e+00
 3.48220e+00
 3.49402e+00
 3.50573e+00
 3.51734e+00
 3.52885e+00
 3.54025e+00
 3.55155e+00
 3.56275e+00
 3.57385e+00
 3.58485e+00
 3.59574e+00
 3.60655e+00
 3.61725e+00
 3.62786e+00
 3.63837e+00
 3.64879e+00
 3.65911e+00
 3.66934e+00
 3.67948e+00
 3.68953e+00
 3.69948e+00
 3.70935e+00
 3.71913e+00
 3.72882e+00
 3.73843e+00
 3.74794e+00
 3.75737e+00
 3.76672e+00
 3.77598e+00
 3.78516e+00
 3.79426e+00
 3.80328e+00
 3.81221e+00
 3.82106e+00
 3.82984e+00
 3.83853e+00
 3.84715e+00
 3.85569e+00
 3.86415e+00
 3.87254e+00
 3.88085e+00
 3.88908e+00
 3.89724e+00
 3.90533e+00
 3.91335e+00
 3.92129e+00
 3.92916e+00
 3.93696e+00
 3.94470e+00
 3.95236e+00
 3.95995e+00
 3.96747e+00
 3.97493e+00
 3.98232e+00
 3.98964e+00
 3.99690e+00
 4.00409e+00
 4.01121e+00
 4.01828e+00
 4.02528e+00
 4.03221e+00
 4.03908e+00
 4.04590e+00
 4.05265e+00
 4.05933e+00
 4.06596e+00
 4.07253e+00
 4.07904e+00
 4.08549e+00
 4.09189e+00
 4.09822e+00
 4.10450e+00
 4.11073e+00
 4.11689e+00
 4.12300e+00
 4.12906e+00
 4.13506e+00
 4.14101e+00
 4.14690e+00
 4.15274e+00
 4.15853e+00
 4.16426e+00
 4.16995e+00
 4.17558e+00
 4.18116e+00
 4.18669e+00
 4.19218e+00
 4.19761e+00
 4.20299e+00
 4.20833e+00
 4.21362e+00
 4.21885e+00
 4.22405e+00
 4.22919e+00
 4.23429e+00
 4.23934e+00
 4.24435e+00
 4.24932e+00
 4.25423e+00
 4.25911e+00
 4.26394e+00
 4.26872e+00
 4.27347e+00
 4.27817e+00
 4.28282e+00
 4.28744e+00
 4.29201e+00
 4.29655e+00
 4.30104e+00
 4.30549e+00
 4.30990e+00
 4.31428e+00
 4.31861e+00
 4.32290e+00
 4.32716e+00
 4.33137e+00
 4.33555e+00
 4.33969e+00
 4.34380e+00
 4.34786e+00
 4.35189e+00
 4.35589e+00
 4.35984e+00
 4.36377e+00
 4.36765e+00
 4.37150e+00
 4.37532e+00
 4.37910e+00
 4.38285e+00
 4.38657e+00
 4.39025e+00
 4.39389e+00
 4.39751e+00
 4.40109e+00
 4.40464e+00
 4.40816e+00
 4.41165e+00
 4.41510e+00
 4.41853e+00
 4.42192e+00
 4.42528e+00
 4.42861e+00
 4.43192e+00
 4.43519e+00
 4.43843e+00
 4.44164e+00
 4.44483e+00
 4.44798e+00
 4.45111e+00
 4.45421e+00
 4.45728e+00
 4.46033e+00
 4.46334e+00
 4.46633e+00
 4.46929e+00
 4.47223e+00
 4.47514e+00
 4.47802e+00
 4.48088e+00
 4.48371e+00
 4.48651e+00
 4.48929e+00
 4.49205e+00
 4.49478e+00
 4.49749e+00
 4.50017e+00
 4.50282e+00
 4.50546e+00
 4.50807e+00
 4.51065e+00
 4.51321e+00
 4.51575e+00
 4.51827e+00
 4.52076e+00
 4.52324e+00
 4.52569e+00
 4.52811e+00
 4.53052e+00
 4.53290e+00
 4.53526e+00
 4.53760e+00
 4.53992e+00
 4.54222e+00
 4.54450e+00
 4.54676e+00
 4.54899e+00
 4.55121e+00
 4.55341e+00
 4.55558e+00
 4.55774e+00
 4.55988e+00
 4.56200e+00
 4.56410e+00
 4.56618e+00
 4.56824e+00
 4.57028e+00
 4.57231e+00
 4.57432e+00
 4.57630e+00
 4.57827e+00
 4.58023e+00
 4.58216e+00
 4.58408e+00
 4.58598e+00
 4.58786e+00
 4.58973e+00
 4.59158e+00
 4.59341e+00
 4.59523e+00
 4.59703e+00
 4.59881e+00
 4.60058e+00
 4.60233e+00
 4.60407e+00
 4.60579e+00
 4.60749e+00
 4.60918e+00
 4.61086e+00
 4.61251e+00
 4.61416e+00
 4.61579e+00
 4.61740e+00
 4.61900e+00
 4.62059e+00
 4.62216e+00
 4.62372e+00
 4.62526e+00
 4.62679e+00
 4.62830e+00
 4.62981e+00
 4.63129e+00
 4.63277e+00
 4.63423e+00
 4.63568e+00
 4.63711e+00
 4.63854e+00
 4.63994e+00
 4.64134e+00
 4.64273e+00
 4.64410e+00
 4.64546e+00
 4.64680e+00
 4.64814e+00
 4.64946e+00
 4.65077e+00
 4.65207e+00
 4.65336e+00
 4.65463e+00
 4.65590e+00
 4.65715e+00
 4.65839e+00
 4.65962e+00
 4.66084e+00
 4.66205e+00
 4.66325e+00
 4.66443e+00
 4.66561e+00
 4.66677e+00
 4.66793e+00
 4.66907e+00
 4.67021e+00
 4.67133e+00
 4.67244e+00
 4.67355e+00
 4.67464e+00
 4.67572e+00
 4.67680e+00
 4.67786e+00
 4.67892e+00
 4.67996e+00
 4.68100e+00
 4.68202e+00
 4.68304e+00
 4.68405e+00
 4.68505e+00
 4.68604e+00
 4.68702e+00
 4.68799e+00
 4.68895e+00
 4.68991e+00
 4.69086e+00
 4.69179e+00
 4.69272e+00
 4.69364e+00
 4.69455e+00
 4.69546e+00
 4.69635e+00
 4.69724e+00
 4.69812e+00
 4.69899e+00
 4.69986e+00
 4.70071e+00
 4.70156e+00
 4.70240e+00
 4.70324e+00
 4.70406e+00
 4.70488e+00
 4.70569e+00
 4.70650e+00
 4.70729e+00
 4.70808e+00
 4.70886e+00
 4.70964e+00
 4.71041e+00
 4.71117e+00
 4.71192e+00
 4.71267e+00
 4.71341e+00
 4.71414e+00
 4.71487e+00
 4.71559e+00
 4.71631e+00
 4.71701e+00
 4.71772e+00
 4.71841e+00
 4.71910e+00
 4.71978e+00
 4.72046e+00
 4.72113e+00
 4.72179e+00
 4.72245e+00
 4.72310e+00
 4.72375e+00
 4.72439e+00
 4.72503e+00
 4.72566e+00
 4.72628e+00
 4.72690e+00
 4.72751e+00
 4.72812e+00
 4.72872e+00
 4.72931e+00
 4.72990e+00
 4.73049e+00
 4.73107e+00
 4.73164e+00
 4.73221e+00
 4.73278e+00
 4.73334e+00
 4.73389e+00
 4.73444e+00
 4.73498e+00
 4.73552e+00
 4.73606e+00
 4.73659e+00
 4.73711e+00
 4.73763e+00
 4.73815e+00
 4.73866e+00
 4.73917e+00
 4.73967e+00
 4.74016e+00
 4.74066e+00
 4.74114e+00
 4.74163e+00
 4.74211e+00
 4.74258e+00
 4.74305e+00
 4.74352e+00
 4.74398e+00
 4.74444e+00
 4.74489e+00
 4.74534e+00
 4.74579e+00
 4.74623e+00
 4.74667e+00
 4.74710e+00
 4.74753e+00
 4.74796e+00
 4.74838e+00
 4.74880e+00
 4.74922e+00
 4.74963e+00
 4.75003e+00
 4.75044e+00
 4.75084e+00
 4.75123e+00
 4.75163e+00
 4.75202e+00
 4.75240e+00
 4.75278e+00
 4.75316e+00
 4.75354e+00
 4.75391e+00
 4.75428e+00
 4.75464e+00
 4.75501e+00
 4.75536e+00
 4.75572e+00
 4.75607e+00
 4.75642e+00
 4.75677e+00
 4.75711e+00
 4.75745e+00
 4.75779e+00
 4.75812e+00
 4.75845e+00
 4.75878e+00
 4.75910e+00
 4.75943e+00
 4.75974e+00
 4.76006e+00
 4.76037e+00
 4.76068e+00
 4.76099e+00
 4.76130e+00
 4.76160e+00
 4.76190e+00
 4.76219e+00
 4.76249e+00
 4.76278e+00
 4.76307e+00
 4.76335e+00
 4.76364e+00
 4.76392e+00
 4.76420e+00
 4.76447e+00
 4.76474e+00
 4.76502e+00
 4.76528e+00
 4.76555e+00
 4.76581e+00
 4.76607e+00
 4.76633e+00
 4.76659e+00
 4.76684e+00
 4.76710e+00
 4.76735e+00
 4.76759e+00
 4.76784e+00
 4.76808e+00
 4.76832e+00
 4.76856e+00
 4.76880e+00
 4.76903e+00
 4.76926e+00
 4.76949e+00
 4.76972e+00
 4.76995e+00
 4.77017e+00
 4.77039e+00
 4.77061e+00
 4.77083e+00
 4.77105e+00
 4.77126e+00
 4.77147e+00
 4.77168e+00
 4.77189e+00
 4.77210e+00
 4.77230e+00
 4.77251e+00
 4.77271e+00
 4.77291e+00
 4.77310e+00
 4.77330e+00
 4.77349e+00
 4.77368e+00
 4.77387e+00
 4.77406e+00
 4.77425e+00
 4.77443e+00
 4.77462e+00
 4.77480e+00
 4.77498e+00
 4.77516e+00
 4.77534e+00
 4.77551e+00
 4.77568e+00
 4.77586e+00
 4.77603e+00
 4.77620e+00
 4.77636e+00
 4.77653e+00
 4.77669e+00
 4.77686e+00
 4.77702e+00
 4.77718e+00
 4.77734e+00
 4.77749e+00
 4.77765e+00
 4.77780e+00
 4.77796e+00
 4.77811e+00
 4.77826e+00
 4.77841e+00
 4.77856e+00
 4.77870e+00
 4.77885e+00
 4.77899e+00
 4.77913e+00
 4.77927e+00
 4.77941e+00
 4.77955e+00
 4.77969e+00
 4.77983e+00
 4.77996e+00
 4.78009e+00
 4.78023e+00
 4.78036e+00
 4.78049e+00
 4.78062e+00
 4.78074e+00
 4.78087e+00
 4.78100e+00
 4.78112e+00
 4.78124e+00
 4.78137e+00
 4.78149e+00
 4.78161e+00
 4.78173e+00
 4.78184e+00
 4.78196e+00
 4.78207e+00
 4.78219e+00
 4.78230e+00
 4.78242e+00
 4.78253e+00
 4.78264e+00
 4.78275e+00
 4.78285e+00
 4.78296e+00
 4.78307e+00
 4.78317e+00
 4.78328e+00
 4.78338e+00
 4.78349e+00
 4.78359e+00
 4.78369e+00
 4.78379e+00
 4.78389e+00
 4.78399e+00
 4.78408e+00
 4.78418e+00
 4.78427e+00
 4.78437e+00
 4.78446e+00
 4.78456e+00
 4.78465e+00
 4.78474e+00
 4.78483e+00
 4.78492e+00
 4.78501e+00
 4.78510e+00
 4.78518e+00
 4.78527e+00
 4.78536e+00
 4.78544e+00
 4.78552e+00
 4.78561e+00
 4.78569e+00
 4.78577e+00
 4.78585e+00
 4.78593e+00
 4.78601e+00
 4.78609e+00
 4.78617e+00
 4.78625e+00
 4.78633e+00
 4.78640e+00
 4.78648e+00
 4.78655e+00
 4.78663e+00
 4.78670e+00
 4.78677e+00
 4.78684e+00
 4.78692e+00
 4.78699e+00
 4.78706e+00
 4.78713e+00
 4.78719e+00
 4.78726e+00
 4.78733e+00
 4.78740e+00
 4.78746e+00
 4.78753e+00
 4.78760e+00
 4.78766e+00
 4.78772e+00
 4.78779e+00
 4.78785e+00
 4.78791e+00
 4.78798e+00
 4.78804e+00
 4.78810e+00
 4.78816e+00
 4.78822e+00
 4.78828e+00
 4.78833e+00
 4.78839e+00
 4.78845e+00
 4.78851e+00
 4.78856e+00
 4.78862e+00
 4.78867e+00
 4.78873e+00
 4.78878e+00
 4.78884e+00
 4.78889e+00
 4.78894e+00
 4.78900e+00
 4.78905e+00
 4.78910e+00
 4.78915e+00
 4.78920e+00
 4.78925e+00
 4.78930e+00
 4.78935e+00
 4.78940e+00
 4.78945e+00
 4.78950e+00
 4.78954e+00
 4.78959e+00
 4.78964e+00
 4.78968e+00
 4.78973e+00
 4.78978e+00
 4.78982e+00
 4.78987e+00
 4.78991e+00
 4.78995e+00
 4.79000e+00
 4.79004e+00
 4.79008e+00
 4.79012e+00
 4.79017e+00
 4.79021e+00
 4.79025e+00
 4.79029e+00
 4.79033e+00
 4.79037e+00
 4.79041e+00
 4.79045e+00
 4.79049e+00
 4.79053e+00
 4.79057e+00
 4.79060e+00
 4.79064e+00
 4.79068e+00
 4.79071e+00
 4.79075e+00
 4.79079e+00
 4.79082e+00
 4.79086e+00
 4.79089e+00
 4.79093e+00
 4.79096e+00
 4.79100e+00
 4.79103e+00
 4.79107e+00
 4.79110e+00
 4.79113e+00
 4.79116e+00
 4.79120e+00
 4.79123e+00
 4.79126e+00
 4.79129e+00
 4.79132e+00
 4.79136e+00
 4.79139e+00
 4.79142e+00
 4.79145e+00
 4.79148e+00
 4.79151e+00
 4.79154e+00
 4.79156e+00
 4.79159e+00
 4.79162e+00
 4.79165e+00
 4.79168e+00
 4.79171e+00
 4.79173e+00
 4.79176e+00
 4.79179e+00
 4.79182e+00
 4.79184e+00
 4.79187e+00
 4.79189e+00
 4.79192e+00
 4.79195e+00
 4.79197e+00
 4.79200e+00
 4.79202e+00
 4.79205e+00
 4.79207e+00
 4.79210e+00
 4.79212e+00
 4.79214e+00
 4.79217e+00
 4.79219e+00
 4.79221e+00
 4.79224e+00
 4.79226e+00
 4.79228e+00
 4.79230e+00
 4.79233e+00
 4.79235e+00
 4.79237e+00
 4.79239e+00
 4.79241e+00
 4.79243e+00
 4.79246e+00
 4.79248e+00
 4.79250e+00
 4.79252e+00
 4.79254e+00
 4.79256e+00
 4.79258e+00
 4.79260e+00
 4.79262e+00
 4.79264e+00
 4.79266e+00
 4.79267e+00
 4.79269e+00
 4.79271e+00
 4.79273e+00
 4.79275e+00
 4.79277e+00
 4.79279e+00
 4.79280e+00
 4.79282e+00
 4.79284e+00
 4.79286e+00
 4.79287e+00
 4.79289e+00
 4.79291e+00
 4.79292e+00
 4.79294e+00
 4.79296e+00
 4.79297e+00
 4.79299e+00
 4.79301e+00
 4.79302e+00
 4.79304e+00
 4.79305e+00
 4.79307e+00
 4.79308e+00
 4.79310e+00
 4.79311e+00
 4.79313e+00
 4.79314e+00
 4.79316e+00
 4.79317e+00
 4.79319e+00
 4.79320e+00
 4.79322e+00
 4.79323e+00
 4.79324e+00
 4.79326e+00
 4.79327e+00
 4.79328e+00
 4.79330e+00
 4.79331e+00
 4.79332e+00
 4.79334e+00
 4.79335e+00
 4.79336e+00
 4.79337e+00
 4.79339e+00
 4.79340e+00
 4.79341e+00
 4.79342e+00
 4.79344e+00
 4.79345e+00
 4.79346e+00
 4.79347e+00
 4.79348e+00
 4.79350e+00
 4.79351e+00
 4.79352e+00
 4.79353e+00
 4.79354e+00
 4.79355e+00
 4.79356e+00
 4.79357e+00
 4.79358e+00
 4.79359e+00
 4.79361e+00
 4.79362e+00
 4.79363e+00
 4.79364e+00
 4.79365e+00
 4.79366e+00
 4.79367e+00
 4.79368e+00
 4.79369e+00
 4.79370e+00
 4.79371e+00
 4.79372e+00
 4.79372e+00
 4.79373e+00
 4.79374e+00
 4.79375e+00
 4.79376e+00
 4.79377e+00
 4.79378e+00
 4.79379e+00
 4.79380e+00
 4.79381e+00
 4.79381e+00
 4.79382e+00
 4.79383e+00
 4.79384e+00
 4.79385e+00
 4.79386e+00
 4.79387e+00
 4.79387e+00
 4.79388e+00
 4.79389e+00
 4.79390e+00
 4.79391e+00
 4.79391e+00
 4.79392e+00
 4.79393e+00
 4.79394e+00
 4.79394e+00
 4.79395e+00
 4.79396e+00
 4.79397e+00
 4.79397e+00
 4.79398e+00
 4.79399e+00
 4.79399e+00
 4.79400e+00
 4.79401e+00
 4.79401e+00
 4.79402e+00
 4.79403e+00
 4.79403e+00
 4.79404e+00
 4.79405e+00
 4.79405e+00
 4.79406e+00
 4.79407e+00
 4.79407e+00
 4.79408e+00
 4.79409e+00
 4.79409e+00
 4.79410e+00
 4.79410e+00
 4.79411e+00
 4.79412e+00
 4.79412e+00
 4.79413e+00
 4.79413e+00
 4.79414e+00
 4.79414e+00
 4.79415e+00
 4.79416e+00
 4.79416e+00
 4.79417e+00
 4.79417e+00
 4.79418e+00
 4.79418e+00
 4.79419e+00
 4.79419e+00
 4.79420e+00
 4.79420e+00
 4.79421e+00
 4.79421e+00
 4.79422e+00
 4.79422e+00
 4.79423e+00
 4.79423e+00
 4.79424e+00
 4.79424e+00
 4.79425e+00
 4.79425e+00
 4.79426e+00
 4.79426e+00
 4.79427e+00
 4.79427e+00
 4.79427e+00
 4.79428e+00
 4.79428e+00
 4.79429e+00
 4.79429e+00
 4.79430e+00
 4.79430e+00
 4.79430e+00
 4.79431e+00
 4.79431e+00
 4.79432e+00
 4.79432e+00
 4.79433e+00
 4.79433e+00
 4.79433e+00
 4.79434e+00
 4.79434e+00
 4.79434e+00
 4.79435e+00
 4.79435e+00
 4.79436e+00
 4.79436e+00
 4.79436e+00
 4.79437e+00
 4.79437e+00
 4.79437e+00
 4.79438e+00
 4.79438e+00
 4.79438e+00
 4.79439e+00
 4.79439e+00
 4.79439e+00
 4.79440e+00
 4.79440e+00
 4.79440e+00
 4.79441e+00
 4.79441e+00
 4.79441e+00
 4.79442e+00
 4.79442e+00
 4.79442e+00
 4.79443e+00
 4.79443e+00
 4.79443e+00
 4.79444e+00
 4.79444e+00
 4.79444e+00
 4.79444e+00
 4.79445e+00
 4.79445e+00
 4.79445e+00
 4.79446e+00
 4.79446e+00
 4.79446e+00
 4.79446e+00
 4.79447e+00
 4.79447e+00
 4.79447e+00
 4.79448e+00
 4.79448e+00
 4.79448e+00
 4.79448e+00
 4.79449e+00
 4.79449e+00
 4.79449e+00
 4.79449e+00
 4.79450e+00
 4.79450e+00
 4.79450e+00
 4.79450e+00
 4.79450e+00
 4.79451e+00
 4.79451e+00
 4.79451e+00
 4.79451e+00
 4.79452e+00
 4.79452e+00
 4.79452e+00
 4.79452e+00
 4.79453e+00
 4.79453e+00
 4.79453e+00
 4.79453e+00
 4.79453e+00
 4.79454e+00
 4.79454e+00
 4.79454e+00
 4.79454e+00
 4.79454e+00
 4.79455e+00
 4.79455e+00
 4.79455e+00
 4.79455e+00
 4.79455e+00
 4.79456e+00
 4.79456e+00
 4.79456e+00
 4.79456e+00
 4.79456e+00
 4.79456e+00
 4.79457e+00
 4.79457e+00
 4.79457e+00
 4.79457e+00
 4.79457e+00
 4.79458e+00
 4.79458e+00
 4.79458e+00
 4.79458e+00
 4.79458e+00
 4.79458e+00
 4.79459e+00
 4.79459e+00
 4.79459e+00
 4.79459e+00
 4.79459e+00
 4.79459e+00
 4.79460e+00
 4.79460e+00
 4.79460e+00
 4.79460e+00
 4.79460e+00
 4.79460e+00
 4.79460e+00
 4.79461e+00
 4.79461e+00
 4.79461e+00
 4.79461e+00
 4.79461e+00
 4.79461e+00
 4.79461e+00
 4.79462e+00
 4.79462e+00
 4.79462e+00
 4.79462e+00
 4.79462e+00
 4.79462e+00
 4.79462e+00
 4.79462e+00
 4.79463e+00
 4.79463e+00
 4.79463e+00
 4.79463e+00
 4.79463e+00
 4.79463e+00
 4.79463e+00
 4.79463e+00
 4.79464e+00
 4.79464e+00
 4.79464e+00
 4.79464e+00
 4.79464e+00
 4.79464e+00
 4.79464e+00
 4.79464e+00
 4.79464e+00
 4.79465e+00
 4.79465e+00
 4.79465e+00
 4.79465e+00
 4.79465e+00
 4.79465e+00
 4.79465e+00
 4.79465e+00
 4.79465e+00
 4.79465e+00
 4.79466e+00
 4.79466e+00
 4.79466e+00
 4.79466e+00
 4.79466e+00
 4.79466e+00
 4.79466e+00
 4.79466e+00
 4.79466e+00
 4.79466e+00
 4.79467e+00
 4.79467e+00
 4.79467e+00
 4.79467e+00
 4.79467e+00
 4.79467e+00
 4.79467e+00
 4.79467e+00
 4.79467e+00
 4.79467e+00
 4.79467e+00
 4.79467e+00
 4.79468e+00
 4.79468e+00
 4.79468e+00
 4.79468e+00
 4.79468e+00
 4.79468e+00
 4.79468e+00
 4.79468e+00
 4.79468e+00
 4.79468e+00
 4.79468e+00
 4.79468e+00
 4.79468e+00
 4.79469e+00
 4.79469e+00
 4.79469e+00
 4.79469e+00
 4.79469e+00
 4.79469e+00
 4.79469e+00
 4.79469e+00
 4.79469e+00
 4.79469e+00
 4.79469e+00
 4.79469e+00
 4.79469e+00
 4.79469e+00
 4.79469e+00
 4.79470e+00
 4.79470e+00
 4.79470e+00
 4.79470e+00
 4.79470e+00
 4.79470e+00
 4.79470e+00
 4.79470e+00
 4.79470e+00
 4.79470e+00
 4.79470e+00
 4.79470e+00
 4.79470e+00
 4.79470e+00
 4.79470e+00
 4.79470e+00
 4.79470e+00
 4.79471e+00
 4.79471e+00
 4.79471e+00
 4.79471e+00
 4.79471e+00
 4.79471e+00
 4.79471e+00
 4.79471e+00
 4.79471e+00
 4.79471e+00
 4.79471e+00
 4.79471e+00
 4.79471e+00
 4.79471e+00
 4.79471e+00
 4.79471e+00
 4.79471e+00
 4.79471e+00
 4.79471e+00
 4.79471e+00
 4.79472e+00
 4.79472e+00
 4.79472e+00
 4.79472e+00
 4.79472e+00
 4.79472e+00
 4.79472e+00
 4.79472e+00
 4.79472e+00
 4.79472e+00
 4.79472e+00
 4.79472e+00
 4.79472e+00
 4.79472e+00
 4.79472e+00
 4.79472e+00
 4.79472e+00
 4.79472e+00
 4.79472e+00
 4.79472e+00
 4.79472e+00
 4.79472e+00
 4.79472e+00
 4.79472e+00
 4.79472e+00
 4.79473e+00
 4.79473e+00
 4.79473e+00
 4.79473e+00
 4.79473e+00
 4.79473e+00
 4.79473e+00
 4.79473e+00
 4.79473e+00
 4.79473e+00
 4.79473e+00
 4.79473e+00
 4.79473e+00
 4.79473e+00
 4.79473e+00
 4.79473e+00
 4.79473e+00
 4.79473e+00
 4.79473e+00
 4.79473e+00
 4.79473e+00
 4.79473e+00
 4.79473e+00
 4.79473e+00
 4.79473e+00
 4.79473e+00
 4.79473e+00
 4.79473e+00
 4.79473e+00
 4.79473e+00
 4.79473e+00
 4.79473e+00
 4.79474e+00
 4.79474e+00
 4.79474e+00
 4.79474e+00
 4.79474e+00
 4.79474e+00
 4.79474e+00
 4.79474e+00
 4.79474e+00
 4.79474e+00
 4.79474e+00
 4.79474e+00
 4.79474e+00
 4.79474e+00
 4.79474e+00
 4.79474e+00
 4.79474e+00
 4.79474e+00
 4.79474e+00
 4.79474e+00
 4.79474e+00
 4.79474e+00
 4.79474e+00
 4.79474e+00
 4.79474e+00
 4.79474e+00
 4.79474e+00
 4.79474e+00
 4.79474e+00
 4.79474e+00
 4.79474e+00
 4.79474e+00
 4.79474e+00
 4.79474e+00
 4.79474e+00
 4.79474e+00
 4.79474e+00
 4.79474e+00
 4.79474e+00
 4.79474e+00
 4.79474e+00
 4.79474e+00
 4.79474e+00
 4.79474e+00
 4.79474e+00
 4.79475e+00
 4.79475e+00
 4.79475e+00
 4.79475e+00
 4.79475e+00
 4.79475e+00
 4.79475e+00
 4.79475e+00
 4.79475e+00
 4.79475e+00
 4.79475e+00
 4.79475e+00
 4.79475e+00
 4.79475e+00
 4.79475e+00
 4.79475e+00
 4.79475e+00
 4.79475e+00
 4.79475e+00
 4.79475e+00
 4.79475e+00
 4.79475e+00
 4.79475e+00
 4.79475e+00
 4.79475e+00
 4.79475e+00
 4.79475e+00
 4.79475e+00
 4.79475e+00
 4.79475e+00
 4.79475e+00
 4.79475e+00
 4.79475e+00
 4.79475e+00
 4.79475e+00
 4.79475e+00
 4.79475e+00
 4.79475e+00
 4.79475e+00
 4.79475e+00
 4.79475e+00
 4.79475e+00
 4.79475e+00
 4.79475e+00
 4.79475e+00
 4.79475e+00
 4.79475e+00
 4.79475e+00
 4.79475e+00
 4.79475e+00
 4.79475e+00
 4.79475e+00
 4.79475e+00
 4.79475e+00
 4.79475e+00
 4.79475e+00
 4.79475e+00
 4.79475e+00
 4.79475e+00
 4.79475e+00
 4.79475e+00
 4.79475e+00
 4.79475e+00
 4.79475e+00
 4.79475e+00
 4.79475e+00
 4.79475e+00
 4.79475e+00
 4.79475e+00
 4.79475e+00
 4.79475e+00
 4.79475e+00
 4.79475e+00
 4.79475e+00
 4.79475e+00
 4.79475e+00
 4.79475e+00
 4.79475e+00
 4.79476e+00
 4.79476e+00
 4.79476e+00
 4.79476e+00
 4.79476e+00
 4.79476e+00
 4.79476e+00
 4.79476e+00
 4.79476e+00
 4.79476e+00
 4.79476e+00
 4.79476e+00
 4.79476e+00
 4.79476e+00
 4.79476e+00
 4.79476e+00
 4.79476e+00
 4.79476e+00
 4.79476e+00
 4.79476e+00
 4.79476e+00
 4.79476e+00
 4.79476e+00
 4.79476e+00
 4.79476e+00
 4.79476e+00
 4.79476e+00
 4.79476e+00
 4.79476e+00
 4.79476e+00
 4.79476e+00
 4.79476e+00
 4.79476e+00
 4.79476e+00
 4.79476e+00
 4.79476e+00
 4.79476e+00
 4.79476e+00
 4.79476e+00
 4.79476e+00
 4.79476e+00
 4.79476e+00
 4.79476e+00
 4.79476e+00
 4.79476e+00
 4.79476e+00
 4.79476e+00
 4.79476e+00
 4.79476e+00
 4.79476e+00
 4.79476e+00
 4.79476e+00
 4.79476e+00
 4.79476e+00
 4.79476e+00
 4.79476e+00
 4.79476e+00
 4.79476e+00
 4.79476e+00
 4.79476e+00
 4.79476e+00
 4.79476e+00
 4.79476e+00
 4.79476e+00
 4.79476e+00
 4.79476e+00
 4.79476e+00
 4.79476e+00
 4.79476e+00
 4.79476e+00
 4.79476e+00
 4.79476e+00
 4.79476e+00
 4.79476e+00
 4.79476e+00
 4.79476e+00
 4.79476e+00
 4.79476e+00
 4.79476e+00
 4.79476e+00
 4.79476e+00
 4.79476e+00
 4.79476e+00
 4.79476e+00
 4.79476e+00
 4.79476e+00
 4.79476e+00
 4.79476e+00
 4.79476e+00
 4.79476e+00
 4.79476e+00
 4.79476e+00
 4.79476e+00
 4.79476e+00
 4.79476e+00
 4.79476e+00
 4.79476e+00
 4.79476e+00
 4.79476e+00
 4.79476e+00
 4.79476e+00
 4.79476e+00
 4.79476e+00
 4.79476e+00
 4.79476e+00
 4.79476e+00
 4.79476e+00
 4.79476e+00
 4.79476e+00
 4.79476e+00
 4.79476e+00
 4.79476e+00
 4.79476e+00
 4.79476e+00
 4.79476e+00
 4.79476e+00
 4.79476e+00
 4.79476e+00
 4.79476e+00
 4.79476e+00
 4.79476e+00
 4.79476e+00
 4.79476e+00
 4.79476e+00
 4.79476e+00
 4.79476e+00
 4.79476e+00
 4.79476e+00
 4.79476e+00
 4.79476e+00
 4.79476e+00
 4.79476e+00
 4.79476e+00
 4.79476e+00
 4.79476e+00
 4.79476e+00
 4.79476e+00
 4.79476e+00
 4.79476e+00
 4.79476e+00
 4.79476e+00
 4.79476e+00
 4.79476e+00
 4.79476e+00
 4.79476e+00
 4.79476e+00
 4.79476e+00
 4.79476e+00
 4.79476e+00
 4.79476e+00
 4.79476e+00
 4.79476e+00
 4.79476e+00
 4.79476e+00
 4.79476e+00
 4.79476e+00
 4.79476e+00
 4.79476e+00
 4.79476e+00
 4.79476e+00
 4.79476e+00
 4.79476e+00
 4.79476e+00
 4.79476e+00
 4.79476e+00
 4.79476e+00
 4.79476e+00
 4.79476e+00
 4.79476e+00
 4.79476e+00
 4.79476e+00
 4.79476e+00
 4.79476e+00
 4.79476e+00
 4.79476e+00
 4.79476e+00
 4.79476e+00
 4.79476e+00
 4.79476e+00
 4.79476e+00
 4.79476e+00
 4.79476e+00
 4.79476e+00
 4.79476e+00
 4.79476e+00
 4.79476e+00
 4.79476e+00
 4.79476e+00
 4.79476e+00
 4.79476e+00
 4.79476e+00
 4.79476e+00
 4.79476e+00
 4.79476e+00
 4.79476e+00
 4.79476e+00
 4.79476e+00
 4.79476e+00
 4.79476e+00
 4.79476e+00
 4.79476e+00
 4.79476e+00
 4.79476e+00
 4.79476e+00
 4.79476e+00
 4.79476e+00
 4.79476e+00
 4.79476e+00
 4.79476e+00
 4.79476e+00
 4.79476e+00
 4.79476e+00
 4.79476e+00
 4.79476e+00
 4.79476e+00
 4.79476e+00
 4.79476e+00
 4.79476e+00
 4.79476e+00
 4.79476e+00
 4.79476e+00
 4.79476e+00
 4.79476e+00
 4.79476e+00
 4.79476e+00
 4.79476e+00
 4.79476e+00
 4.79476e+00
 4.79476e+00
 4.79476e+00
 4.79476e+00
 4.79476e+00
 4.79476e+00
 4.79476e+00
 4.79476e+00
 4.79476e+00
 4.79476e+00
 4.79476e+00
 4.79476e+00
 4.79476e+00
 4.79476e+00
 4.79476e+00
 4.79476e+00
 4.79476e+00
 4.79476e+00
 4.79476e+00
 4.79476e+00
 4.79476e+00
 4.79476e+00
 4.79476e+00
 4.79476e+00
 4.79476e+00
 4.79476e+00
 4.79476e+00
 4.79476e+00
 4.79476e+00
 4.79476e+00
 4.79476e+00
 4.79476e+00
 4.79476e+00
 4.79476e+00
 4.79476e+00
 4.79476e+00
 4.79476e+00
 4.79476e+00
 4.79476e+00
 4.79476e+00
 4.79476e+00
 4.79476e+00
 4.79476e+00
 4.79476e+00
 4.79476e+00
 4.79476e+00
 4.79476e+00
 4.79476e+00
 4.79476e+00
 4.79476e+00
 4.79476e+00
 4.79476e+00
 4.79476e+00
 4.79476e+00
 4.79476e+00
 4.79476e+00
 4.79476e+00
 4.79476e+00
 4.79476e+00
 4.79476e+00
 4.79476e+00
 4.79476e+00
 4.79476e+00
 4.79476e+00
 4.79476e+00
 4.79476e+00
 4.79476e+00
 4.79476e+00
 4.79476e+00
 4.79476e+00
 4.79476e+00
 4.79476e+00
 4.79476e+00
 4.79476e+00
 4.79476e+00
 4.79476e+00
 4.79476e+00
 4.79476e+00
 4.79476e+00
 4.79476e+00
 4.79476e+00
 4.79476e+00
 4.79476e+00
 4.79476e+00
 4.79476e+00
 4.79476e+00
 4.79476e+00
 4.79476e+00
 4.79476e+00
 4.79476e+00
 4.79476e+00
 4.79476e+00
 4.79476e+00
 4.79476e+00
 4.79476e+00
 4.79476e+00
 4.79476e+00
 4.79476e+00
 4.79476e+00
 4.79476e+00
 4.79476e+00
 4.79476e+00
 4.79476e+00
 4.79476e+00
 4.79476e+00
 4.79476e+00
 4.79476e+00
 4.79476e+00
 4.79476e+00
 4.79476e+00
 4.79476e+00
 4.79476e+00
 4.79476e+00
 4.79476e+00
 4.79476e+00
 4.79476e+00
 4.79476e+00
 4.79476e+00
 4.79476e+00
 4.79476e+00
 4.79476e+00
 4.79476e+00
 4.79476e+00
 4.79476e+00
 4.79476e+00
 4.79476e+00
 4.79476e+00
 4.79476e+00
 4.79476e+00
 4.79476e+00
 4.79476e+00
 4.79476e+00
 4.79476e+00
 4.79476e+00
 4.79476e+00
 4.79476e+00
 4.79476e+00
 4.79476e+00
 4.79476e+00
 4.79476e+00
 4.79476e+00
 4.79476e+00
 4.79476e+00
 4.79476e+00
 4.79476e+00
 4.79476e+00
 4.79476e+00
 4.79476e+00
 4.79476e+00
 4.79476e+00
 4.79476e+00
 4.79476e+00
 4.79476e+00
 4.79476e+00
 4.79476e+00
 4.79476e+00
 4.79476e+00
 4.79476e+00
 4.79476e+00
 4.79476e+00
 4.79476e+00
 4.79476e+00
 4.79476e+00
 4.79476e+00
 4.79476e+00
 4.79476e+00
 4.79476e+00
 4.79476e+00
 4.79476e+00
 4.79476e+00
 4.79476e+00
 4.79476e+00
 4.79476e+00
 4.79476e+00
 4.79476e+00
 4.79476e+00
 4.79476e+00
 4.79476e+00
 4.79476e+00
 4.79476e+00
 4.79476e+00
 4.79476e+00
 4.79476e+00
 4.79476e+00
 4.79476e+00
 4.79476e+00
 4.79476e+00
 4.79476e+00
 4.79476e+00
 4.79476e+00
 4.79476e+00
 4.79476e+00
 4.79476e+00
 4.79476e+00
 4.79476e+00
 4.79476e+00
 4.79476e+00
 4.79476e+00
 4.79476e+00
 4.79476e+00
 4.79476e+00
 4.79476e+00
 4.79476e+00
 4.79476e+00
 4.79476e+00
 4.79476e+00
 4.79476e+00
 4.79476e+00
 4.79476e+00
 4.79476e+00
 4.79476e+00
 4.79476e+00
 4.79476e+00
 4.79476e+00
 4.79476e+00
 4.79476e+00
 4.79476e+00
 4.79476e+00
 4.79476e+00
 4.79476e+00
 4.79476e+00
 4.79476e+00
 4.79476e+00
 4.79476e+00
 4.79476e+00
 4.79476e+00
 4.79476e+00
 4.79476e+00
 4.79476e+00
 4.79476e+00
 4.79476e+00
 4.79476e+00
 4.79476e+00
 4.79476e+00
 4.79476e+00
 4.79476e+00
 4.79476e+00
 4.79476e+00
 4.79476e+00
 4.79476e+00
 4.79476e+00
 4.79476e+00
 4.79476e+00
 4.79476e+00
 4.79476e+00
 4.79476e+00
 4.79476e+00
 4.79476e+00
 4.79476e+00
 4.79476e+00
 4.79476e+00
 4.79476e+00
 4.79476e+00
 4.79476e+00
 4.79476e+00
 4.79476e+00
 4.79476e+00
 4.79476e+00
 4.79476e+00
 4.79476e+00
 4.79476e+00
 4.79476e+00
 4.79476e+00
 4.79476e+00
 4.79476e+00
 4.79476e+00
 4.79476e+00
 4.79476e+00
 4.79476e+00
 4.79476e+00
 4.79476e+00
 4.79476e+00
 4.79476e+00
 4.79476e+00
 4.79476e+00
 4.79476e+00
 4.79476e+00
 4.79476e+00
 4.79476e+00
 4.79476e+00
 4.79476e+00
 4.79476e+00
 4.79476e+00
 4.79476e+00
 4.79476e+00
 4.79476e+00
 4.79476e+00
 4.79476e+00
 4.79476e+00
 4.79476e+00
 4.79476e+00
 4.79476e+00
 4.79476e+00
 4.79476e+00
 4.79476e+00
 4.79476e+00
 4.79476e+00
 4.79476e+00
 4.79476e+00
 4.79476e+00
 4.79476e+00
 4.79476e+00
 4.79476e+00
 4.79476e+00
 4.79476e+00
 4.79476e+00
 4.79476e+00
 4.79476e+00
 4.79476e+00
 4.79476e+00
 4.79476e+00
 4.79476e+00
 4.79476e+00
 4.79476e+00
 4.79476e+00
 4.79476e+00
 4.79476e+00
 4.79476e+00
 4.79476e+00
 4.79476e+00
 4.79476e+00
 4.79476e+00
 4.79476e+00
 4.79476e+00
 4.79476e+00
 4.79476e+00
 4.79476e+00
 4.79476e+00
 4.79476e+00
 4.79476e+00
 4.79476e+00
 4.79476e+00
 4.79476e+00
 4.79476e+00
 4.79476e+00
 4.79476e+00
 4.79476e+00
 4.79476e+00
 4.79476e+00
 4.79476e+00
 4.79476e+00
 4.79476e+00
 4.79476e+00
 4.79476e+00
 4.79476e+00
 4.79476e+00
 4.79476e+00
 4.79476e+00
 4.79476e+00
 4.79476e+00
 4.79476e+00
 4.79476e+00
 4.79476e+00
 4.79476e+00
 4.79476e+00
 4.79476e+00
 4.79476e+00
 4.79476e+00
 4.79476e+00
 4.79476e+00
 4.79476e+00
 4.79476e+00
 4.79476e+00
 4.79476e+00
 4.79476e+00
 4.79476e+00
 4.79476e+00
 4.79476e+00
 4.79476e+00
 4.79476e+00
 4.79476e+00
 4.79476e+00
 4.79476e+00
 4.79476e+00
 4.79476e+00
 4.79476e+00
 4.79476e+00
 4.79476e+00
 4.79476e+00
 4.79476e+00
 4.79476e+00
 4.79476e+00
 4.79476e+00
 4.79476e+00
 4.79476e+00
 4.79476e+00
 4.79476e+00
 4.79476e+00
 4.79476e+00
 4.79476e+00
 4.79476e+00
 4.79476e+00
 4.79476e+00
 4.79476e+00
 4.79476e+00
 4.79476e+00
 4.79476e+00
 4.79476e+00
 4.79476e+00
 4.79476e+00
 4.79476e+00
 4.79476e+00
 4.79476e+00
 4.79476e+00
 4.79476e+00
 4.79476e+00
 4.79476e+00
 4.79476e+00
 4.79476e+00
 4.79476e+00
 4.79476e+00
 4.79476e+00
 4.79476e+00
 4.79476e+00
 4.79476e+00
 4.79476e+00
 4.79476e+00
 4.79476e+00
 4.79476e+00
 4.79476e+00
 4.79476e+00
 4.79476e+00
 4.79476e+00
 4.79476e+00
 4.79476e+00
 4.79476e+00
 4.79476e+00
 4.79476e+00
 4.79476e+00
 4.79476e+00
 4.79476e+00
 4.79476e+00
 4.79476e+00
 4.79476e+00
 4.79476e+00
 4.79476e+00
 4.79476e+00
 4.79476e+00
 4.79476e+00
 4.79476e+00
 4.79476e+00
 4.79476e+00
 4.79476e+00
 