-1.45099e+02
 -1.42252e+02
 -1.39397e+02
 -1.36532e+02
 -1.33657e+02
 -1.30773e+02
 -1.27879e+02
 -1.24975e+02
 -1.22062e+02
 -1.19139e+02
 -1.16207e+02
 -1.13265e+02
 -1.10313e+02
 -1.07351e+02
 -1.04380e+02
 -1.01398e+02
 -9.84068e+01
 -9.54057e+01
 -9.23946e+01
 -8.93736e+01
 -8.63425e+01
 -8.33015e+01
 -8.02505e+01
 -7.71894e+01
 -7.41183e+01
 -7.10370e+01
 -6.79457e+01
 -6.48441e+01
 -6.17325e+01
 -5.86106e+01
 -5.54785e+01
 -5.23362e+01
 -4.91837e+01
 -4.60209e+01
 -4.28478e+01
 -3.96645e+01
 -3.64708e+01
 -3.32668e+01
 -3.00525e+01
 -2.68278e+01
 -2.35928e+01
 -2.03474e+01
 -1.70916e+01
 -1.38255e+01
 -1.05490e+01
 -7.26210e+00
 -3.96486e+00
 -6.57245e-01
 2.66073e+00
 5.98905e+00
 9.32770e+00
 1.26767e+01
 1.60360e+01
 1.94055e+01
 2.27853e+01
 2.61754e+01
 2.95756e+01
 3.29860e+01
 3.64065e+01
 3.98371e+01
 4.32777e+01
 4.67282e+01
 5.01886e+01
 5.36589e+01
 5.71389e+01
 6.06285e+01
 6.41278e+01
 6.76365e+01
 7.11545e+01
 7.46818e+01
 7.82183e+01
 8.17637e+01
 8.53180e+01
 8.88809e+01
 9.24524e+01
 9.60322e+01
 9.96202e+01
 1.03216e+02
 1.06820e+02
 1.10431e+02
 1.14049e+02
 1.17674e+02
 1.21306e+02
 1.24945e+02
 1.28589e+02
 1.32239e+02
 1.35894e+02
 1.39554e+02
 1.43219e+02
 1.46887e+02
 1.50560e+02
 1.54235e+02
 1.57912e+02
 1.61592e+02
 1.65273e+02
 1.68955e+02
 1.72636e+02
 1.76317e+02
 1.79996e+02
 1.83673e+02
 1.87347e+02
 1.91016e+02
 1.94681e+02
 1.98339e+02
 2.01990e+02
 2.05633e+02
 2.09266e+02
 2.12889e+02
 2.16499e+02
 2.20096e+02
 2.23677e+02
 2.27243e+02
 2.30789e+02
 2.34316e+02
 2.37821e+02
 2.41303e+02
 2.44758e+02
 2.48186e+02
 2.51583e+02
 2.54948e+02
 2.58279e+02
 2.61572e+02
 2.64825e+02
 2.68034e+02
 2.71199e+02
 2.74314e+02
 2.77378e+02
 2.80386e+02
 2.83335e+02
 2.86222e+02
 2.89043e+02
 2.91795e+02
 2.94472e+02
 2.97072e+02
 2.99589e+02
 3.02020e+02
 3.04360e+02
 3.06604e+02
 3.08747e+02
 3.10786e+02
 3.12713e+02
 3.14525e+02
 3.16217e+02
 3.17782e+02
 3.19216e+02
 3.20513e+02
 3.21668e+02
 3.22675e+02
 3.23529e+02
 3.24225e+02
 3.24756e+02
 3.25117e+02
 3.25304e+02
 3.25310e+02
 3.25132e+02
 3.24763e+02
 3.24200e+02
 3.23437e+02
 3.22471e+02
 3.21298e+02
 3.19913e+02
 3.18315e+02
 3.16500e+02
 3.14465e+02
 3.12209e+02
 3.09731e+02
 3.07029e+02
 3.04103e+02
 3.00954e+02
 2.97581e+02
 2.93988e+02
 2.90176e+02
 2.86147e+02
 2.81905e+02
 2.77455e+02
 2.72801e+02
 2.67948e+02
 2.62903e+02
 2.57673e+02
 2.52264e+02
 2.46684e+02
 2.40943e+02
 2.35049e+02
 2.29011e+02
 2.22840e+02
 2.16545e+02
 2.10138e+02
 2.03629e+02
 1.97029e+02
 1.90350e+02
 1.83602e+02
 1.76798e+02
 1.69948e+02
 1.63065e+02
 1.56158e+02
 1.49240e+02
 1.42321e+02
 1.35412e+02
 1.28523e+02
 1.21663e+02
 1.14843e+02
 1.08071e+02
 1.01356e+02
 9.47066e+01
 8.81299e+01
 8.16333e+01
 7.52235e+01
 6.89067e+01
 6.26885e+01
 5.65740e+01
 5.05679e+01
 4.46744e+01
 3.88969e+01
 3.32388e+01
 2.77026e+01
 2.22906e+01
 1.70046e+01
 1.18460e+01
 6.81577e+00
 1.91456e+00
 -2.85735e+00
 -7.50000e+00
 -1.20137e+01
 -1.63992e+01
 -2.06572e+01
 -2.47890e+01
 -2.87959e+01
 -3.26793e+01
 -3.64411e+01
 -4.00831e+01
 -4.36072e+01
 -4.70157e+01
 -5.03108e+01
 -5.34948e+01
 -5.65701e+01
 -5.95392e+01
 -6.24046e+01
 -6.51689e+01
 -6.78346e+01
 -7.04045e+01
 -7.28810e+01
 -7.52668e+01
 -7.75645e+01
 -7.97767e+01
 -8.19060e+01
 -8.39550e+01
 -8.59261e+01
 -8.78218e+01
 -8.96446e+01
 -9.13969e+01
 -9.30811e+01
 -9.46994e+01
 -9.62541e+01
 -9.77475e+01
 -9.91816e+01
 -1.00559e+02
 -1.01881e+02
 -1.03150e+02
 -1.04367e+02
 -1.05536e+02
 -1.06657e+02
 -1.07733e+02
 -1.08764e+02
 -1.09754e+02
 -1.10702e+02
 -1.11612e+02
 -1.12484e+02
 -1.13320e+02
 -1.14122e+02
 -1.14890e+02
 -1.15626e+02
 -1.16332e+02
 -1.17008e+02
 -1.17655e+02
 -1.18276e+02
 -1.18870e+02
 -1.19439e+02
 -1.19985e+02
 -1.20507e+02
 -1.21007e+02
 -1.21486e+02
 -1.21945e+02
 -1.22384e+02
 -1.22805e+02
 -1.23207e+02
 -1.23593e+02
 -1.23962e+02
 -1.24315e+02
 -1.24653e+02
 -1.24977e+02
 -1.25287e+02
 -1.25583e+02
 -1.25867e+02
 -1.26139e+02
 -1.26399e+02
 -1.26648e+02
 -1.26886e+02
 -1.27114e+02
 -1.27332e+02
 -1.27540e+02
 -1.27740e+02
 -1.27931e+02
 -1.28113e+02
 -1.28288e+02
 -1.28456e+02
 -1.28616e+02
 -1.28769e+02
 -1.28915e+02
 -1.29055e+02
 -1.29189e+02
 -1.29317e+02
 -1.29440e+02
 -1.29557e+02
 -1.29670e+02
 -1.29777e+02
 -1.29880e+02
 -1.29978e+02
 -1.30072e+02
 -1.30162e+02
 -1.30248e+02
 -1.30330e+02
 -1.30408e+02
 -1.30484e+02
 -1.30555e+02
 -1.30624e+02
 -1.30690e+02
 -1.30753e+02
 -1.30813e+02
 -1.30871e+02
 -1.30926e+02
 -1.30978e+02
 -1.31028e+02
 -1.31077e+02
 -1.31123e+02
 -1.31167e+02
 -1.31209e+02
 -1.31249e+02
 -1.31287e+02
 -1.31324e+02
 -1.31359e+02
 -1.31393e+02
 -1.31425e+02
 -1.31456e+02
 -1.31485e+02
 -1.31513e+02
 -1.31540e+02
 -1.31566e+02
 -1.31590e+02
 -1.31614e+02
 -1.31636e+02
 -1.31658e+02
 -1.31678e+02
 -1.31698e+02
 -1.31717e+02
 -1.31735e+02
 -1.31752e+02
 -1.31768e+02
 -1.31784e+02
 -1.31799e+02
 -1.31813e+02
 -1.31827e+02
 -1.31840e+02
 -1.31853e+02
 -1.31865e+02
 -1.31876e+02
 -1.31887e+02
 -1.31898e+02
 -1.31908e+02
 -1.31917e+02
 -1.31926e+02
 -1.31935e+02
 -1.31943e+02
 -1.31951e+02
 -1.31959e+02
 -1.31966e+02
 -1.31973e+02
 -1.31980e+02
 -1.31986e+02
 -1.31993e+02
 -1.31998e+02
 -1.32004e+02
 -1.32009e+02
 -1.32014e+02
 -1.32019e+02
 -1.32024e+02
 -1.32028e+02
 -1.32033e+02
 -1.32037e+02
 -1.32041e+02
 -1.32044e+02
 -1.32048e+02
 -1.32051e+02
 -1.32055e+02
 -1.32058e+02
 -1.32061e+02
 -1.32064e+02
 -1.32066e+02
 -1.32069e+02
 -1.32072e+02
 -1.32074e+02
 -1.32076e+02
 -1.32078e+02
 -1.32081e+02
 -1.32083e+02
 -1.32084e+02
 -1.32086e+02
 -1.32088e+02
 -1.32090e+02
 -1.32091e+02
 -1.32093e+02
 -1.32094e+02
 -1.32096e+02
 -1.32097e+02
 -1.32098e+02
 -1.32100e+02
 -1.32101e+02
 -1.32102e+02
 -1.32103e+02
 -1.32104e+02
 -1.32105e+02
 -1.32106e+02
 -1.32107e+02
 -1.32108e+02
 -1.32109e+02
 -1.32109e+02
 -1.32110e+02
 -1.32111e+02
 -1.32112e+02
 -1.32112e+02
 -1.32113e+02
 -1.32114e+02
 -1.32114e+02
 -1.32115e+02
 -1.32115e+02
 -1.32116e+02
 -1.32116e+02
 -1.32117e+02
 -1.32117e+02
 -1.32118e+02
 -1.32118e+02
 -1.32119e+02
 -1.32119e+02
 -1.32119e+02
 -1.32120e+02
 -1.32120e+02
 -1.32120e+02
 -1.32121e+02
 -1.32121e+02
 -1.32121e+02
 -1.32122e+02
 -1.32122e+02
 -1.32122e+02
 -1.32123e+02
 -1.32123e+02
 -1.32123e+02
 -1.32123e+02
 -1.32123e+02
 -1.32124e+02
 -1.32124e+02
 -1.32124e+02
 -1.32124e+02
 -1.32124e+02
 -1.32125e+02
 -1.32125e+02
 -1.32125e+02
 -1.32125e+02
 -1.32125e+02
 -1.32125e+02
 -1.32126e+02
 -1.32126e+02
 -1.32126e+02
 -1.32126e+02
 -1.32126e+02
 -1.32126e+02
 -1.32126e+02
 -1.32127e+02
 -1.32127e+02
 -1.32127e+02
 -1.32127e+02
 -1.32127e+02
 -1.32127e+02
 -1.32127e+02
 -1.32127e+02
 -1.32127e+02
 -1.32128e+02
 -1.32128e+02
 -1.32128e+02
 -1.32128e+02
 -1.32128e+02
 -1.32128e+02
 -1.32128e+02
 -1.32128e+02
 -1.32128e+02
 -1.32128e+02
 -1.32128e+02
 -1.32129e+02
 -1.32129e+02
 -1.32129e+02
 -1.32129e+02
 -1.32129e+02
 -1.32129e+02
 -1.32129e+02
 -1.32129e+02
 -1.32129e+02
 -1.32129e+02
 -1.32129e+02
 -1.32129e+02
 -1.32129e+02
 -1.32130e+02
 -1.32130e+02
 -1.32130e+02
 -1.32130e+02
 -1.32130e+02
 -1.32130e+02
 -1.32130e+02
 -1.32130e+02
 -1.32130e+02
 -1.32130e+02
 -1.32130e+02
 -1.32130e+02
 -1.32130e+02
 -1.32130e+02
 -1.32130e+02
 -1.32130e+02
 -1.32130e+02
 -1.32131e+02
 -1.32131e+02
 -1.32131e+02
 -1.32131e+02
 -1.32131e+02
 -1.32131e+02
 -1.32131e+02
 -1.32131e+02
 -1.32131e+02
 -1.32131e+02
 -1.32131e+02
 -1.32131e+02
 -1.32131e+02
 -1.32131e+02
 -1.32131e+02
 -1.32131e+02
 -1.32131e+02
 -1.32132e+02
 -1.32132e+02
 -1.32132e+02
 -1.32132e+02
 -1.32132e+02
 -1.32132e+02
 -1.32132e+02
 -1.32132e+02
 -1.32132e+02
 -1.32132e+02
 -1.32132e+02
 -1.32132e+02
 -1.32132e+02
 -1.32132e+02
 -1.32132e+02
 -1.32132e+02
 -1.32132e+02
 -1.32132e+02
 -1.32132e+02
 -1.32133e+02
 -1.32133e+02
 -1.32133e+02
 -1.32133e+02
 -1.32133e+02
 -1.32133e+02
 -1.32133e+02
 -1.32133e+02
 -1.32133e+02
 -1.32133e+02
 -1.32133e+02
 -1.32133e+02
 -1.32133e+02
 -1.32133e+02
 -1.32133e+02
 -1.32133e+02
 -1.32133e+02
 -1.32133e+02
 -1.32133e+02
 -1.32134e+02
 -1.32134e+02
 -1.32134e+02
 -1.32134e+02
 -1.32134e+02
 -1.32134e+02
 -1.32134e+02
 -1.32134e+02
 -1.32134e+02
 -1.32134e+02
 -1.32134e+02
 -1.32134e+02
 -1.32134e+02
 -1.32134e+02
 -1.32134e+02
 -1.32134e+02
 -1.32134e+02
 -1.32134e+02
 -1.32134e+02
 -1.32134e+02
 -1.32135e+02
 -1.32135e+02
 -1.32135e+02
 -1.32135e+02
 -1.32135e+02
 -1.32135e+02
 -1.32135e+02
 -1.32135e+02
 -1.32135e+02
 -1.32135e+02
 -1.32135e+02
 -1.32135e+02
 -1.32135e+02
 -1.32135e+02
 -1.32135e+02
 -1.32135e+02
 -1.32135e+02
 -1.32135e+02
 -1.32135e+02
 -1.32136e+02
 -1.32136e+02
 -1.32136e+02
 -1.32136e+02
 -1.32136e+02
 -1.32136e+02
 -1.32136e+02
 -1.32136e+02
 -1.32136e+02
 -1.32136e+02
 -1.32136e+02
 -1.32136e+02
 -1.32136e+02
 -1.32136e+02
 -1.32136e+02
 -1.32136e+02
 -1.32136e+02
 -1.32136e+02
 -1.32136e+02
 -1.32136e+02
 -1.32137e+02
 -1.32137e+02
 -1.32137e+02
 -1.32137e+02
 -1.32137e+02
 -1.32137e+02
 -1.32137e+02
 -1.32137e+02
 -1.32137e+02
 -1.32137e+02
 -1.32137e+02
 -1.32137e+02
 -1.32137e+02
 -1.32137e+02
 -1.32137e+02
 -1.32137e+02
 -1.32137e+02
 -1.32137e+02
 -1.32137e+02
 -1.32137e+02
 -1.32138e+02
 -1.32138e+02
 -1.32138e+02
 -1.32138e+02
 -1.32138e+02
 -1.32138e+02
 -1.32138e+02
 -1.32138e+02
 -1.32138e+02
 -1.32138e+02
 -1.32138e+02
 -1.32138e+02
 -1.32138e+02
 -1.32138e+02
 -1.32138e+02
 -1.32138e+02
 -1.32138e+02
 -1.32138e+02
 -1.32138e+02
 -1.32139e+02
 -1.32139e+02
 -1.32139e+02
 -1.32139e+02
 -1.32139e+02
 -1.32139e+02
 -1.32139e+02
 -1.32139e+02
 -1.32139e+02
 -1.32139e+02
 -1.32139e+02
 -1.32139e+02
 -1.32139e+02
 -1.32139e+02
 -1.32139e+02
 -1.32139e+02
 -1.32139e+02
 -1.32139e+02
 -1.32139e+02
 -1.32139e+02
 -1.32140e+02
 -1.32140e+02
 -1.32140e+02
 -1.32140e+02
 -1.32140e+02
 -1.32140e+02
 -1.32140e+02
 -1.32140e+02
 -1.32140e+02
 -1.32140e+02
 -1.32140e+02
 -1.32140e+02
 -1.32140e+02
 -1.32140e+02
 -1.32140e+02
 -1.32140e+02
 -1.32140e+02
 -1.32140e+02
 -1.32140e+02
 -1.32141e+02
 -1.32141e+02
 -1.32141e+02
 -1.32141e+02
 -1.32141e+02
 -1.32141e+02
 -1.32141e+02
 -1.32141e+02
 -1.32141e+02
 -1.32141e+02
 -1.32141e+02
 -1.32141e+02
 -1.32141e+02
 -1.32141e+02
 -1.32141e+02
 -1.32141e+02
 -1.32141e+02
 -1.32141e+02
 -1.32141e+02
 -1.32141e+02
 -1.32142e+02
 -1.32142e+02
 -1.32142e+02
 -1.32142e+02
 -1.32142e+02
 -1.32142e+02
 -1.32142e+02
 -1.32142e+02
 -1.32142e+02
 -1.32142e+02
 -1.32142e+02
 -1.32142e+02
 -1.32142e+02
 -1.32142e+02
 -1.32142e+02
 -1.32142e+02
 -1.32142e+02
 -1.32142e+02
 -1.32142e+02
 -1.32142e+02
 -1.32143e+02
 -1.32143e+02
 -1.32143e+02
 -1.32143e+02
 -1.32143e+02
 -1.32143e+02
 -1.32143e+02
 -1.32143e+02
 -1.32143e+02
 -1.32143e+02
 -1.32143e+02
 -1.32143e+02
 -1.32143e+02
 -1.32143e+02
 -1.32143e+02
 -1.32143e+02
 -1.32143e+02
 -1.32143e+02
 -1.32143e+02
 -1.32144e+02
 -1.32144e+02
 -1.32144e+02
 -1.32144e+02
 -1.32144e+02
 -1.32144e+02
 -1.32144e+02
 -1.32144e+02
 -1.32144e+02
 -1.32144e+02
 -1.32144e+02
 -1.32144e+02
 -1.32144e+02
 -1.32144e+02
 -1.32144e+02
 -1.32144e+02
 -1.32144e+02
 -1.32144e+02
 -1.32144e+02
 -1.32144e+02
 -1.32145e+02
 -1.32145e+02
 -1.32145e+02
 -1.32145e+02
 -1.32145e+02
 -1.32145e+02
 -1.32145e+02
 -1.32145e+02
 -1.32145e+02
 -1.32145e+02
 -1.32145e+02
 -1.32145e+02
 -1.32145e+02
 -1.32145e+02
 -1.32145e+02
 -1.32145e+02
 -1.32145e+02
 -1.32145e+02
 -1.32145e+02
 -1.32145e+02
 -1.32146e+02
 -1.32146e+02
 -1.32146e+02
 -1.32146e+02
 -1.32146e+02
 -1.32146e+02
 -1.32146e+02
 -1.32146e+02
 -1.32146e+02
 -1.32146e+02
 -1.32146e+02
 -1.32146e+02
 -1.32146e+02
 -1.32146e+02
 -1.32146e+02
 -1.32146e+02
 -1.32146e+02
 -1.32146e+02
 -1.32146e+02
 -1.32147e+02
 -1.32147e+02
 -1.32147e+02
 -1.32147e+02
 -1.32147e+02
 -1.32147e+02
 -1.32147e+02
 -1.32147e+02
 -1.32147e+02
 -1.32147e+02
 -1.32147e+02
 -1.32147e+02
 -1.32147e+02
 -1.32147e+02
 -1.32147e+02
 -1.32147e+02
 -1.32147e+02
 -1.32147e+02
 -1.32147e+02
 -1.32147e+02
 -1.32148e+02
 -1.32148e+02
 -1.32148e+02
 -1.32148e+02
 -1.32148e+02
 -1.32148e+02
 -1.32148e+02
 -1.32148e+02
 -1.32148e+02
 -1.32148e+02
 -1.32148e+02
 -1.32148e+02
 -1.32148e+02
 -1.32148e+02
 -1.32148e+02
 -1.32148e+02
 -1.32148e+02
 -1.32148e+02
 -1.32148e+02
 -1.32148e+02
 -1.32149e+02
 -1.32149e+02
 -1.32149e+02
 -1.32149e+02
 -1.32149e+02
 -1.32149e+02
 -1.32149e+02
 -1.32149e+02
 -1.32149e+02
 -1.32149e+02
 -1.32149e+02
 -1.32149e+02
 -1.32149e+02
 -1.32149e+02
 -1.32149e+02
 -1.32149e+02
 -1.32149e+02
 -1.32149e+02
 -1.32149e+02
 -1.32150e+02
 -1.32150e+02
 -1.32150e+02
 -1.32150e+02
 -1.32150e+02
 -1.32150e+02
 -1.32150e+02
 -1.32150e+02
 -1.32150e+02
 -1.32150e+02
 -1.32150e+02
 -1.32150e+02
 -1.32150e+02
 -1.32150e+02
 -1.32150e+02
 -1.32150e+02
 -1.32150e+02
 -1.32150e+02
 -1.32150e+02
 -1.32150e+02
 -1.32151e+02
 -1.32151e+02
 -1.32151e+02
 -1.32151e+02
 -1.32151e+02
 -1.32151e+02
 -1.32151e+02
 -1.32151e+02
 -1.32151e+02
 -1.32151e+02
 -1.32151e+02
 -1.32151e+02
 -1.32151e+02
 -1.32151e+02
 -1.32151e+02
 -1.32151e+02
 -1.32151e+02
 -1.32151e+02
 -1.32151e+02
 -1.32152e+02
 -1.32152e+02
 -1.32152e+02
 -1.32152e+02
 -1.32152e+02
 -1.32152e+02
 -1.32152e+02
 -1.32152e+02
 -1.32152e+02
 -1.32152e+02
 -1.32152e+02
 -1.32152e+02
 -1.32152e+02
 -1.32152e+02
 -1.32152e+02
 -1.32152e+02
 -1.32152e+02
 -1.32152e+02
 -1.32152e+02
 -1.32152e+02
 -1.32153e+02
 -1.32153e+02
 -1.32153e+02
 -1.32153e+02
 -1.32153e+02
 -1.32153e+02
 -1.32153e+02
 -1.32153e+02
 -1.32153e+02
 -1.32153e+02
 -1.32153e+02
 -1.32153e+02
 -1.32153e+02
 -1.32153e+02
 -1.32153e+02
 -1.32153e+02
 -1.32153e+02
 -1.32153e+02
 -1.32153e+02
 -1.32153e+02
 -1.32154e+02
 -1.32154e+02
 -1.32154e+02
 -1.32154e+02
 -1.32154e+02
 -1.32154e+02
 -1.32154e+02
 -1.32154e+02
 -1.32154e+02
 -1.32154e+02
 -1.32154e+02
 -1.32154e+02
 -1.32154e+02
 -1.32154e+02
 -1.32154e+02
 -1.32154e+02
 -1.32154e+02
 -1.32154e+02
 -1.32154e+02
 -1.32155e+02
 -1.32155e+02
 -1.32155e+02
 -1.32155e+02
 -1.32155e+02
 -1.32155e+02
 -1.32155e+02
 -1.32155e+02
 -1.32155e+02
 -1.32155e+02
 -1.32155e+02
 -1.32155e+02
 -1.32155e+02
 -1.32155e+02
 -1.32155e+02
 -1.32155e+02
 -1.32155e+02
 -1.32155e+02
 -1.32155e+02
 -1.32155e+02
 -1.32156e+02
 -1.32156e+02
 -1.32156e+02
 -1.32156e+02
 -1.32156e+02
 -1.32156e+02
 -1.32156e+02
 -1.32156e+02
 -1.32156e+02
 -1.32156e+02
 -1.32156e+02
 -1.32156e+02
 -1.32156e+02
 -1.32156e+02
 -1.32156e+02
 -1.32156e+02
 -1.32156e+02
 -1.32156e+02
 -1.32156e+02
 -1.32156e+02
 -1.32157e+02
 -1.32157e+02
 -1.32157e+02
 -1.32157e+02
 -1.32157e+02
 -1.32157e+02
 -1.32157e+02
 -1.32157e+02
 -1.32157e+02
 -1.32157e+02
 -1.32157e+02
 -1.32157e+02
 -1.32157e+02
 -1.32157e+02
 -1.32157e+02
 -1.32157e+02
 -1.32157e+02
 -1.32157e+02
 -1.32157e+02
 -1.32158e+02
 -1.32158e+02
 -1.32158e+02
 -1.32158e+02
 -1.32158e+02
 -1.32158e+02
 -1.32158e+02
 -1.32158e+02
 -1.32158e+02
 -1.32158e+02
 -1.32158e+02
 -1.32158e+02
 -1.32158e+02
 -1.32158e+02
 -1.32158e+02
 -1.32158e+02
 -1.32158e+02
 -1.32158e+02
 -1.32158e+02
 -1.32158e+02
 -1.32159e+02
 -1.32159e+02
 -1.32159e+02
 -1.32159e+02
 -1.32159e+02
 -1.32159e+02
 -1.32159e+02
 -1.32159e+02
 -1.32159e+02
 -1.32159e+02
 -1.32159e+02
 -1.32159e+02
 -1.32159e+02
 -1.32159e+02
 -1.32159e+02
 -1.32159e+02
 -1.32159e+02
 -1.32159e+02
 -1.32159e+02
 -1.32159e+02
 -1.32160e+02
 -1.32160e+02
 -1.32160e+02
 -1.32160e+02
 -1.32160e+02
 -1.32160e+02
 -1.32160e+02
 -1.32160e+02
 -1.32160e+02
 -1.32160e+02
 -1.32160e+02
 -1.32160e+02
 -1.32160e+02
 -1.32160e+02
 -1.32160e+02
 -1.32160e+02
 -1.32160e+02
 -1.32160e+02
 -1.32160e+02
 -1.32161e+02
 -1.32161e+02
 -1.32161e+02
 -1.32161e+02
 -1.32161e+02
 -1.32161e+02
 -1.32161e+02
 -1.32161e+02
 -1.32161e+02
 -1.32161e+02
 -1.32161e+02
 -1.32161e+02
 -1.32161e+02
 -1.32161e+02
 -1.32161e+02
 -1.32161e+02
 -1.32161e+02
 -1.32161e+02
 -1.32161e+02
 -1.32161e+02
 -1.32162e+02
 -1.32162e+02
 -1.32162e+02
 -1.32162e+02
 -1.32162e+02
 -1.32162e+02
 -1.32162e+02
 -1.32162e+02
 -1.32162e+02
 -1.32162e+02
 -1.32162e+02
 -1.32162e+02
 -1.32162e+02
 -1.32162e+02
 -1.32162e+02
 -1.32162e+02
 -1.32162e+02
 -1.32162e+02
 -1.32162e+02
 -1.32162e+02
 -1.32163e+02
 -1.32163e+02
 -1.32163e+02
 -1.32163e+02
 -1.32163e+02
 -1.32163e+02
 -1.32163e+02
 -1.32163e+02
 -1.32163e+02
 -1.32163e+02
 -1.32163e+02
 -1.32163e+02
 -1.32163e+02
 -1.32163e+02
 -1.32163e+02
 -1.32163e+02
 -1.32163e+02
 -1.32163e+02
 -1.32163e+02
 -1.32164e+02
 -1.32164e+02
 -1.32164e+02
 -1.32164e+02
 -1.32164e+02
 -1.32164e+02
 -1.32164e+02
 -1.32164e+02
 -1.32164e+02
 -1.32164e+02
 -1.32164e+02
 -1.32164e+02
 -1.32164e+02
 -1.32164e+02
 -1.32164e+02
 -1.32164e+02
 -1.32164e+02
 -1.32164e+02
 -1.32164e+02
 -1.32164e+02
 -1.32165e+02
 -1.32165e+02
 -1.32165e+02
 -1.32165e+02
 -1.32165e+02
 -1.32165e+02
 -1.32165e+02
 -1.32165e+02
 -1.32165e+02
 -1.32165e+02
 -1.32165e+02
 -1.32165e+02
 -1.32165e+02
 -1.32165e+02
 -1.32165e+02
 -1.32165e+02
 -1.32165e+02
 -1.32165e+02
 -1.32165e+02
 -1.32165e+02
 -1.32166e+02
 -1.32166e+02
 -1.32166e+02
 -1.32166e+02
 -1.32166e+02
 -1.32166e+02
 -1.32166e+02
 -1.32166e+02
 -1.32166e+02
 -1.32166e+02
 -1.32166e+02
 -1.32166e+02
 -1.32166e+02
 -1.32166e+02
 -1.32166e+02
 -1.32166e+02
 -1.32166e+02
 -1.32166e+02
 -1.32166e+02
 -1.32167e+02
 -1.32167e+02
 -1.32167e+02
 -1.32167e+02
 -1.32167e+02
 -1.32167e+02
 -1.32167e+02
 -1.32167e+02
 -1.32167e+02
 -1.32167e+02
 -1.32167e+02
 -1.32167e+02
 -1.32167e+02
 -1.32167e+02
 -1.32167e+02
 -1.32167e+02
 -1.32167e+02
 -1.32167e+02
 -1.32167e+02
 -1.32167e+02
 -1.32168e+02
 -1.32168e+02
 -1.32168e+02
 -1.32168e+02
 -1.32168e+02
 -1.32168e+02
 -1.32168e+02
 -1.32168e+02
 -1.32168e+02
 -1.32168e+02
 -1.32168e+02
 -1.32168e+02
 -1.32168e+02
 -1.32168e+02
 -1.32168e+02
 -1.32168e+02
 -1.32168e+02
 -1.32168e+02
 -1.32168e+02
 -1.32168e+02
 -1.32169e+02
 -1.32169e+02
 -1.32169e+02
 -1.32169e+02
 -1.32169e+02
 -1.32169e+02
 -1.32169e+02
 -1.32169e+02
 -1.32169e+02
 -1.32169e+02
 -1.32169e+02
 -1.32169e+02
 -1.32169e+02
 -1.32169e+02
 -1.32169e+02
 -1.32169e+02
 -1.32169e+02
 -1.32169e+02
 -1.32169e+02
 -1.32170e+02
 -1.32170e+02
 -1.32170e+02
 -1.32170e+02
 -1.32170e+02
 -1.32170e+02
 -1.32170e+02
 -1.32170e+02
 -1.32170e+02
 -1.32170e+02
 -1.32170e+02
 -1.32170e+02
 -1.32170e+02
 -1.32170e+02
 -1.32170e+02
 -1.32170e+02
 -1.32170e+02
 -1.32170e+02
 -1.32170e+02
 -1.32170e+02
 -1.32171e+02
 -1.32171e+02
 -1.32171e+02
 -1.32171e+02
 -1.32171e+02
 -1.32171e+02
 -1.32171e+02
 -1.32171e+02
 -1.32171e+02
 -1.32171e+02
 -1.32171e+02
 -1.32171e+02
 -1.32171e+02
 -1.32171e+02
 -1.32171e+02
 -1.32171e+02
 -1.32171e+02
 -1.32171e+02
 -1.32171e+02
 -1.32171e+02
 -1.32172e+02
 -1.32172e+02
 -1.32172e+02
 -1.32172e+02
 -1.32172e+02
 -1.32172e+02
 -1.32172e+02
 -1.32172e+02
 -1.32172e+02
 -1.32172e+02
 -1.32172e+02
 -1.32172e+02
 -1.32172e+02
 -1.32172e+02
 -1.32172e+02
 -1.32172e+02
 -1.32172e+02
 -1.32172e+02
 -1.32172e+02
 -1.32173e+02
 -1.32173e+02
 -1.32173e+02
 -1.32173e+02
 -1.32173e+02
 -1.32173e+02
 -1.32173e+02
 -1.32173e+02
 -1.32173e+02
 -1.32173e+02
 -1.32173e+02
 -1.32173e+02
 -1.32173e+02
 -1.32173e+02
 -1.32173e+02
 -1.32173e+02
 -1.32173e+02
 -1.32173e+02
 -1.32173e+02
 -1.32173e+02
 -1.32174e+02
 -1.32174e+02
 -1.32174e+02
 -1.32174e+02
 -1.32174e+02
 -1.32174e+02
 -1.32174e+02
 -1.32174e+02
 -1.32174e+02
 -1.32174e+02
 -1.32174e+02
 -1.32174e+02
 -1.32174e+02
 -1.32174e+02
 -1.32174e+02
 -1.32174e+02
 -1.32174e+02
 -1.32174e+02
 -1.32174e+02
 -1.32174e+02
 -1.32175e+02
 -1.32175e+02
 -1.32175e+02
 -1.32175e+02
 -1.32175e+02
 -1.32175e+02
 -1.32175e+02
 -1.32175e+02
 -1.32175e+02
 -1.32175e+02
 -1.32175e+02
 -1.32175e+02
 -1.32175e+02
 -1.32175e+02
 -1.32175e+02
 -1.32175e+02
 -1.32175e+02
 -1.32175e+02
 -1.32175e+02
 -1.32176e+02
 -1.32176e+02
 -1.32176e+02
 -1.32176e+02
 -1.32176e+02
 -1.32176e+02
 -1.32176e+02
 -1.32176e+02
 -1.32176e+02
 -1.32176e+02
 -1.32176e+02
 -1.32176e+02
 -1.32176e+02
 -1.32176e+02
 -1.32176e+02
 -1.32176e+02
 -1.32176e+02
 -1.32176e+02
 -1.32176e+02
 -1.32176e+02
 -1.32177e+02
 -1.32177e+02
 -1.32177e+02
 -1.32177e+02
 -1.32177e+02
 -1.32177e+02
 -1.32177e+02
 -1.32177e+02
 -1.32177e+02
 -1.32177e+02
 -1.32177e+02
 -1.32177e+02
 -1.32177e+02
 -1.32177e+02
 -1.32177e+02
 -1.32177e+02
 -1.32177e+02
 -1.32177e+02
 -1.32177e+02
 -1.32177e+02
 -1.32178e+02
 -1.32178e+02
 -1.32178e+02
 -1.32178e+02
 -1.32178e+02
 -1.32178e+02
 -1.32178e+02
 -1.32178e+02
 -1.32178e+02
 -1.32178e+02
 -1.32178e+02
 -1.32178e+02
 -1.32178e+02
 -1.32178e+02
 -1.32178e+02
 -1.32178e+02
 -1.32178e+02
 -1.32178e+02
 -1.32178e+02
 -1.32179e+02
 -1.32179e+02
 -1.32179e+02
 -1.32179e+02
 -1.32179e+02
 -1.32179e+02
 -1.32179e+02
 -1.32179e+02
 -1.32179e+02
 -1.32179e+02
 -1.32179e+02
 -1.32179e+02
 -1.32179e+02
 -1.32179e+02
 -1.32179e+02
 -1.32179e+02
 -1.32179e+02
 -1.32179e+02
 -1.32179e+02
 -1.32179e+02
 -1.32180e+02
 -1.32180e+02
 -1.32180e+02
 -1.32180e+02
 -1.32180e+02
 -1.32180e+02
 -1.32180e+02
 -1.32180e+02
 -1.32180e+02
 -1.32180e+02
 -1.32180e+02
 -1.32180e+02
 -1.32180e+02
 -1.32180e+02
 -1.32180e+02
 -1.32180e+02
 -1.32180e+02
 -1.32180e+02
 -1.32180e+02
 -1.32180e+02
 -1.32181e+02
 -1.32181e+02
 -1.32181e+02
 -1.32181e+02
 -1.32181e+02
 -1.32181e+02
 -1.32181e+02
 -1.32181e+02
 -1.32181e+02
 -1.32181e+02
 -1.32181e+02
 -1.32181e+02
 -1.32181e+02
 -1.32181e+02
 -1.32181e+02
 -1.32181e+02
 -1.32181e+02
 -1.32181e+02
 -1.32181e+02
 -1.32181e+02
 -1.32182e+02
 -1.32182e+02
 -1.32182e+02
 -1.32182e+02
 -1.32182e+02
 -1.32182e+02
 -1.32182e+02
 -1.32182e+02
 -1.32182e+02
 -1.32182e+02
 -1.32182e+02
 -1.32182e+02
 -1.32182e+02
 -1.32182e+02
 -1.32182e+02
 -1.32182e+02
 -1.32182e+02
 -1.32182e+02
 -1.32182e+02
 -1.32183e+02
 -1.32183e+02
 -1.32183e+02
 -1.32183e+02
 -1.32183e+02
 -1.32183e+02
 -1.32183e+02
 -1.32183e+02
 -1.32183e+02
 -1.32183e+02
 -1.32183e+02
 -1.32183e+02
 -1.32183e+02
 -1.32183e+02
 -1.32183e+02
 -1.32183e+02
 -1.32183e+02
 -1.32183e+02
 -1.32183e+02
 -1.32183e+02
 -1.32184e+02
 -1.32184e+02
 -1.32184e+02
 -1.32184e+02
 -1.32184e+02
 -1.32184e+02
 -1.32184e+02
 -1.32184e+02
 -1.32184e+02
 -1.32184e+02
 -1.32184e+02
 -1.32184e+02
 -1.32184e+02
 -1.32184e+02
 -1.32184e+02
 -1.32184e+02
 -1.32184e+02
 -1.32184e+02
 -1.32184e+02
 -1.32184e+02
 -1.32185e+02
 -1.32185e+02
 -1.32185e+02
 -1.32185e+02
 -1.32185e+02
 -1.32185e+02
 -1.32185e+02
 -1.32185e+02
 -1.32185e+02
 -1.32185e+02
 -1.32185e+02
 -1.32185e+02
 -1.32185e+02
 -1.32185e+02
 -1.32185e+02
 -1.32185e+02
 -1.32185e+02
 -1.32185e+02
 -1.32185e+02
 -1.32186e+02
 -1.32186e+02
 -1.32186e+02
 -1.32186e+02
 -1.32186e+02
 -1.32186e+02
 -1.32186e+02
 -1.32186e+02
 -1.32186e+02
 -1.32186e+02
 -1.32186e+02
 -1.32186e+02
 -1.32186e+02
 -1.32186e+02
 -1.32186e+02
 -1.32186e+02
 -1.32186e+02
 -1.32186e+02
 -1.32186e+02
 -1.32186e+02
 -1.32187e+02
 -1.32187e+02
 -1.32187e+02
 -1.32187e+02
 -1.32187e+02
 -1.32187e+02
 -1.32187e+02
 -1.32187e+02
 -1.32187e+02
 -1.32187e+02
 -1.32187e+02
 -1.32187e+02
 -1.32187e+02
 -1.32187e+02
 -1.32187e+02
 -1.32187e+02
 -1.32187e+02
 -1.32187e+02
 -1.32187e+02
 -1.32187e+02
 -1.32188e+02
 -1.32188e+02
 -1.32188e+02
 -1.32188e+02
 -1.32188e+02
 -1.32188e+02
 -1.32188e+02
 -1.32188e+02
 -1.32188e+02
 -1.32188e+02
 -1.32188e+02
 -1.32188e+02
 -1.32188e+02
 -1.32188e+02
 -1.32188e+02
 -1.32188e+02
 -1.32188e+02
 -1.32188e+02
 -1.32188e+02
 -1.32189e+02
 -1.32189e+02
 -1.32189e+02
 -1.32189e+02
 -1.32189e+02
 -1.32189e+02
 -1.32189e+02
 -1.32189e+02
 -1.32189e+02
 -1.32189e+02
 -1.32189e+02
 -1.32189e+02
 -1.32189e+02
 -1.32189e+02
 -1.32189e+02
 -1.32189e+02
 -1.32189e+02
 -1.32189e+02
 -1.32189e+02
 -1.32189e+02
 -1.32190e+02
 -1.32190e+02
 -1.32190e+02
 -1.32190e+02
 -1.32190e+02
 -1.32190e+02
 -1.32190e+02
 -1.32190e+02
 -1.32190e+02
 -1.32190e+02
 -1.32190e+02
 -1.32190e+02
 -1.32190e+02
 -1.32190e+02
 -1.32190e+02
 -1.32190e+02
 -1.32190e+02
 -1.32190e+02
 -1.32190e+02
 -1.32190e+02
 -1.32191e+02
 -1.32191e+02
 -1.32191e+02
 -1.32191e+02
 -1.32191e+02
 -1.32191e+02
 -1.32191e+02
 -1.32191e+02
 -1.32191e+02
 -1.32191e+02
 -1.32191e+02
 -1.32191e+02
 -1.32191e+02
 -1.32191e+02
 -1.32191e+02
 -1.32191e+02
 -1.32191e+02
 -1.32191e+02
 -1.32191e+02
 -1.32191e+02
 -1.32192e+02
 -1.32192e+02
 -1.32192e+02
 -1.32192e+02
 -1.32192e+02
 -1.32192e+02
 -1.32192e+02
 -1.32192e+02
 -1.32192e+02
 -1.32192e+02
 -1.32192e+02
 -1.32192e+02
 -1.32192e+02
 -1.32192e+02
 -1.32192e+02
 -1.32192e+02
 -1.32192e+02
 -1.32192e+02
 -1.32192e+02
 -1.32193e+02
 -1.32193e+02
 -1.32193e+02
 -1.32193e+02
 -1.32193e+02
 -1.32193e+02
 -1.32193e+02
 -1.32193e+02
 -1.32193e+02
 -1.32193e+02
 -1.32193e+02
 -1.32193e+02
 -1.32193e+02
 -1.32193e+02
 -1.32193e+02
 -1.32193e+02
 -1.32193e+02
 -1.32193e+02
 -1.32193e+02
 -1.32193e+02
 -1.32194e+02
 -1.32194e+02
 -1.32194e+02
 -1.32194e+02
 -1.32194e+02
 -1.32194e+02
 -1.32194e+02
 -1.32194e+02
 -1.32194e+02
 -1.32194e+02
 -1.32194e+02
 -1.32194e+02
 -1.32194e+02
 -1.32194e+02
 -1.32194e+02
 -1.32194e+02
 -1.32194e+02
 -1.32194e+02
 -1.32194e+02
 -1.32194e+02
 -1.32195e+02
 -1.32195e+02
 -1.32195e+02
 -1.32195e+02
 -1.32195e+02
 -1.32195e+02
 -1.32195e+02
 -1.32195e+02
 -1.32195e+02
 -1.32195e+02
 -1.32195e+02
 -1.32195e+02
 -1.32195e+02
 -1.32195e+02
 -1.32195e+02
 -1.32195e+02
 -1.32195e+02
 -1.32195e+02
 -1.32195e+02
 -1.32196e+02
 -1.32196e+02
 -1.32196e+02
 -1.32196e+02
 -1.32196e+02
 -1.32196e+02
 -1.32196e+02
 -1.32196e+02
 -1.32196e+02
 -1.32196e+02
 -1.32196e+02
 -1.32196e+02
 -1.32196e+02
 -1.32196e+02
 -1.32196e+02
 -1.32196e+02
 -1.32196e+02
 -1.32196e+02
 -1.32196e+02
 -1.32196e+02
 -1.32197e+02
 -1.32197e+02
 -1.32197e+02
 -1.32197e+02
 -1.32197e+02
 -1.32197e+02
 -1.32197e+02
 -1.32197e+02
 -1.32197e+02
 -1.32197e+02
 -1.32197e+02
 -1.32197e+02
 -1.32197e+02
 -1.32197e+02
 -1.32197e+02
 -1.32197e+02
 -1.32197e+02
 -1.32197e+02
 -1.32197e+02
 -1.32197e+02
 -1.32198e+02
 -1.32198e+02
 -1.32198e+02
 -1.32198e+02
 -1.32198e+02
 -1.32198e+02
 -1.32198e+02
 -1.32198e+02
 -1.32198e+02
 -1.32198e+02
 -1.32198e+02
 -1.32198e+02
 -1.32198e+02
 -1.32198e+02
 -1.32198e+02
 -1.32198e+02
 -1.32198e+02
 -1.32198e+02
 -1.32198e+02
 -1.32198e+02
 -1.32199e+02
 -1.32199e+02
 -1.32199e+02
 -1.32199e+02
 -1.32199e+02
 -1.32199e+02
 -1.32199e+02
 -1.32199e+02
 -1.32199e+02
 -1.32199e+02
 -1.32199e+02
 -1.32199e+02
 -1.32199e+02
 -1.32199e+02
 -1.32199e+02
 -1.32199e+02
 -1.32199e+02
 -1.32199e+02
 -1.32199e+02
 -1.32200e+02
 -1.32200e+02
 -1.32200e+02
 -1.32200e+02
 -1.32200e+02
 -1.32200e+02
 -1.32200e+02
 -1.32200e+02
 -1.32200e+02
 -1.32200e+02
 -1.32200e+02
 -1.32200e+02
 -1.32200e+02
 -1.32200e+02
 -1.32200e+02
 -1.32200e+02
 -1.32200e+02
 -1.32200e+02
 -1.32200e+02
 -1.32200e+02
 -1.32201e+02
 -1.32201e+02
 -1.32201e+02
 -1.32201e+02
 -1.32201e+02
 -1.32201e+02
 -1.32201e+02
 -1.32201e+02
 -1.32201e+02
 -1.32201e+02
 -1.32201e+02
 -1.32201e+02
 -1.32201e+02
 -1.32201e+02
 -1.32201e+02
 -1.32201e+02
 -1.32201e+02
 -1.32201e+02
 -1.32201e+02
 -1.32201e+02
 -1.32202e+02
 -1.32202e+02
 -1.32202e+02
 -1.32202e+02
 -1.32202e+02
 -1.32202e+02
 -1.32202e+02
 -1.32202e+02
 -1.32202e+02
 -1.32202e+02
 -1.32202e+02
 -1.32202e+02
 -1.32202e+02
 -1.32202e+02
 -1.32202e+02
 -1.32202e+02
 -1.32202e+02
 -1.32202e+02
 -1.32202e+02
 -1.32203e+02
 -1.32203e+02
 -1.32203e+02
 -1.32203e+02
 -1.32203e+02
 -1.32203e+02
 -1.32203e+02
 -1.32203e+02
 -1.32203e+02
 -1.32203e+02
 -1.32203e+02
 -1.32203e+02
 -1.32203e+02
 -1.32203e+02
 -1.32203e+02
 -1.32203e+02
 -1.32203e+02
 -1.32203e+02
 -1.32203e+02
 -1.32203e+02
 -1.32204e+02
 -1.32204e+02
 -1.32204e+02
 -1.32204e+02
 -1.32204e+02
 -1.32204e+02
 -1.32204e+02
 -1.32204e+02
 -1.32204e+02
 -1.32204e+02
 -1.32204e+02
 -1.32204e+02
 -1.32204e+02
 -1.32204e+02
 -1.32204e+02
 -1.32204e+02
 -1.32204e+02
 -1.32204e+02
 -1.32204e+02
 -1.32204e+02
 -1.32205e+02
 -1.32205e+02
 -1.32205e+02
 -1.32205e+02
 -1.32205e+02
 -1.32205e+02
 -1.32205e+02
 -1.32205e+02
 -1.32205e+02
 -1.32205e+02
 -1.32205e+02
 -1.32205e+02
 -1.32205e+02
 -1.32205e+02
 -1.32205e+02
 -1.32205e+02
 -1.32205e+02
 -1.32205e+02
 -1.32205e+02
 -1.32205e+02
 -1.32206e+02
 -1.32206e+02
 