0.00000e+00 -1.94013695e-03
1.99657e-03 -4.29306285e-04
3.99314e-03 1.06716256e-03
5.98971e-03 2.54947474e-03
7.98628e-03 4.01814303e-03
9.98286e-03 5.47393377e-03
1.19794e-02 6.91779408e-03
1.39760e-02 8.35077483e-03
1.59726e-02 9.77396115e-03
1.79691e-02 1.11884177e-02
1.99657e-02 1.25951502e-02
2.19623e-02 1.39950833e-02
2.39589e-02 1.53890494e-02
2.59554e-02 1.67777868e-02
2.79520e-02 1.81619439e-02
2.99486e-02 1.95420861e-02
3.19451e-02 2.09187036e-02
3.39417e-02 2.22922210e-02
3.59383e-02 2.36630052e-02
3.79349e-02 2.50313733e-02
3.99314e-02 2.63975999e-02
4.19280e-02 2.77619227e-02
4.39246e-02 2.91245483e-02
4.59211e-02 3.04856561e-02
4.79177e-02 3.18454030e-02
4.99143e-02 3.32039259e-02
5.19108e-02 3.45613451e-02
5.39074e-02 3.59177662e-02
5.59040e-02 3.72732824e-02
5.79006e-02 3.86279762e-02
5.98971e-02 3.99819206e-02
6.18937e-02 4.13351806e-02
6.38903e-02 4.26878140e-02
6.58868e-02 4.40398728e-02
6.78834e-02 4.53914032e-02
6.98800e-02 4.67424469e-02
7.18766e-02 4.80930414e-02
7.38731e-02 4.94432205e-02
7.58697e-02 5.07930149e-02
7.78663e-02 5.21424523e-02
7.98628e-02 5.34915579e-02
8.18594e-02 5.48403545e-02
8.38560e-02 5.61888631e-02
8.58526e-02 5.75371027e-02
8.78491e-02 5.88850909e-02
8.98457e-02 6.02328436e-02
9.18423e-02 6.15803755e-02
9.38388e-02 6.29277002e-02
9.58354e-02 6.42748300e-02
9.78320e-02 6.56217766e-02
9.98286e-02 6.69685504e-02
1.01825e-01 6.83151614e-02
1.03822e-01 6.96616186e-02
1.05818e-01 7.10079305e-02
1.07815e-01 7.23541048e-02
1.09811e-01 7.37001490e-02
1.11808e-01 7.50460697e-02
1.13805e-01 7.63918734e-02
1.15801e-01 7.77375659e-02
1.17798e-01 7.90831528e-02
1.19794e-01 8.04286391e-02
1.21791e-01 8.17740299e-02
1.23787e-01 8.31193295e-02
1.25784e-01 8.44645423e-02
1.27781e-01 8.58096722e-02
1.29777e-01 8.71547230e-02
1.31774e-01 8.84996983e-02
1.33770e-01 8.98446013e-02
1.35767e-01 9.11894352e-02
1.37763e-01 9.25342030e-02
1.39760e-01 9.38789074e-02
1.41757e-01 9.52235512e-02
1.43753e-01 9.65681367e-02
1.45750e-01 9.79126664e-02
1.47746e-01 9.92571425e-02
1.49743e-01 1.00601567e-01
1.51739e-01 1.01945942e-01
1.53736e-01 1.03290270e-01
1.55733e-01 1.04634551e-01
1.57729e-01 1.05978789e-01
1.59726e-01 1.07322984e-01
1.61722e-01 1.08667139e-01
1.63719e-01 1.10011254e-01
1.65715e-01 1.11355331e-01
1.67712e-01 1.12699372e-01
1.69709e-01 1.14043377e-01
1.71705e-01 1.15387348e-01
1.73702e-01 1.16731286e-01
1.75698e-01 1.18075192e-01
1.77695e-01 1.19419068e-01
1.79691e-01 1.20762914e-01
1.81688e-01 1.22106731e-01
1.83685e-01 1.23450520e-01
1.85681e-01 1.24794282e-01
1.87678e-01 1.26138018e-01
1.89674e-01 1.27481729e-01
1.91671e-01 1.28825416e-01
1.93667e-01 1.30169078e-01
1.95664e-01 1.31512718e-01
1.97661e-01 1.32856336e-01
1.99657e-01 1.34199931e-01
2.01654e-01 1.35543506e-01
2.03650e-01 1.36887060e-01
2.05647e-01 1.38230595e-01
2.07643e-01 1.39574110e-01
2.09640e-01 1.40917607e-01
2.11637e-01 1.42261085e-01
2.13633e-01 1.43604546e-01
2.15630e-01 1.44947990e-01
2.17626e-01 1.46291417e-01
2.19623e-01 1.47634828e-01
2.21619e-01 1.48978223e-01
2.23616e-01 1.50321602e-01
2.25613e-01 1.51664967e-01
2.27609e-01 1.53008317e-01
2.29606e-01 1.54351653e-01
2.31602e-01 1.55694975e-01
2.33599e-01 1.57038283e-01
2.35595e-01 1.58381579e-01
2.37592e-01 1.59724861e-01
2.39589e-01 1.61068131e-01
2.41585e-01 1.62411389e-01
2.43582e-01 1.63754636e-01
2.45578e-01 1.65097870e-01
2.47575e-01 1.66441093e-01
2.49571e-01 1.67784305e-01
2.51568e-01 1.69127507e-01
2.53565e-01 1.70470698e-01
2.55561e-01 1.71813878e-01
2.57558e-01 1.73157049e-01
2.59554e-01 1.74500210e-01
2.61551e-01 1.75843361e-01
2.63547e-01 1.77186503e-01
2.65544e-01 1.78529635e-01
2.67541e-01 1.79872759e-01
2.69537e-01 1.81215874e-01
2.71534e-01 1.82558980e-01
2.73530e-01 1.83902078e-01
2.75527e-01 1.85245168e-01
2.77523e-01 1.86588250e-01
2.79520e-01 1.87931324e-01
2.81517e-01 1.89274391e-01
2.83513e-01 1.90617450e-01
2.85510e-01 1.91960501e-01
2.87506e-01 1.93303545e-01
2.89503e-01 1.94646583e-01
2.91499e-01 1.95989613e-01
2.93496e-01 1.97332637e-01
2.95493e-01 1.98675654e-01
2.97489e-01 2.00018664e-01
2.99486e-01 2.01361668e-01
3.01482e-01 2.02704666e-01
3.03479e-01 2.04047658e-01
3.05475e-01 2.05390644e-01
3.07472e-01 2.06733624e-01
3.09469e-01 2.08076598e-01
3.11465e-01 2.09419566e-01
3.13462e-01 2.10762529e-01
3.15458e-01 2.12105487e-01
3.17455e-01 2.13448439e-01
3.19451e-01 2.14791386e-01
3.21448e-01 2.16134328e-01
3.23445e-01 2.17477264e-01
3.25441e-01 2.18820196e-01
3.27438e-01 2.20163123e-01
3.29434e-01 2.21506045e-01
3.31431e-01 2.22848963e-01
3.33427e-01 2.24191876e-01
3.35424e-01 2.25534784e-01
3.37421e-01 2.26877688e-01
3.39417e-01 2.28220588e-01
3.41414e-01 2.29563483e-01
3.43410e-01 2.30906374e-01
3.45407e-01 2.32249261e-01
3.47403e-01 2.33592144e-01
3.49400e-01 2.34935023e-01
3.51397e-01 2.36277898e-01
3.53393e-01 2.37620769e-01
3.55390e-01 2.38963636e-01
3.57386e-01 2.40306500e-01
3.59383e-01 2.41649360e-01
3.61379e-01 2.42992216e-01
3.63376e-01 2.44335069e-01
3.65373e-01 2.45677918e-01
3.67369e-01 2.47020764e-01
3.69366e-01 2.48363606e-01
3.71362e-01 2.49706446e-01
3.73359e-01 2.51049281e-01
3.75355e-01 2.52392114e-01
3.77352e-01 2.53734944e-01
3.79349e-01 2.55077770e-01
3.81345e-01 2.56420593e-01
3.83342e-01 2.57763414e-01
3.85338e-01 2.59106231e-01
3.87335e-01 2.60449045e-01
3.89331e-01 2.61791857e-01
3.91328e-01 2.63134666e-01
3.93325e-01 2.64477471e-01
3.95321e-01 2.65820275e-01
3.97318e-01 2.67163075e-01
