0.00000e+00 1.75690048e-03
1.99657e-03 3.25686606e-03
3.99314e-03 4.77119346e-03
5.98971e-03 6.29967752e-03
7.98628e-03 7.84180546e-03
9.98286e-03 9.39681097e-03
1.19794e-02 1.09637469e-02
1.39760e-02 1.25415624e-02
1.59726e-02 1.41291723e-02
1.79691e-02 1.57255120e-02
1.99657e-02 1.73295757e-02
2.19623e-02 1.89404388e-02
2.39589e-02 2.05572691e-02
2.59554e-02 2.21793279e-02
2.79520e-02 2.38059670e-02
2.99486e-02 2.54366211e-02
3.19451e-02 2.70707998e-02
3.39417e-02 2.87080786e-02
3.59383e-02 3.03480907e-02
3.79349e-02 3.19905188e-02
3.99314e-02 3.36350884e-02
4.19280e-02 3.52815619e-02
4.39246e-02 3.69297326e-02
4.59211e-02 3.85794210e-02
4.79177e-02 4.02304703e-02
4.99143e-02 4.18827436e-02
5.19108e-02 4.35361207e-02
5.39074e-02 4.51904958e-02
5.59040e-02 4.68457758e-02
5.79006e-02 4.85018783e-02
5.98971e-02 5.01587302e-02
6.18937e-02 5.18162664e-02
6.38903e-02 5.34744292e-02
6.58868e-02 5.51331667e-02
6.78834e-02 5.67924325e-02
6.98800e-02 5.84521851e-02
7.18766e-02 6.01123868e-02
7.38731e-02 6.17730039e-02
7.58697e-02 6.34340057e-02
7.78663e-02 6.50953646e-02
7.98628e-02 6.67570553e-02
8.18594e-02 6.84190549e-02
8.38560e-02 7.00813426e-02
8.58526e-02 7.17438992e-02
8.78491e-02 7.34067073e-02
8.98457e-02 7.50697508e-02
9.18423e-02 7.67330151e-02
9.38388e-02 7.83964867e-02
9.58354e-02 8.00601531e-02
9.78320e-02 8.17240028e-02
9.98286e-02 8.33880251e-02
1.01825e-01 8.50522104e-02
1.03822e-01 8.67165494e-02
1.05818e-01 8.83810338e-02
1.07815e-01 9.00456557e-02
1.09811e-01 9.17104078e-02
1.11808e-01 9.33752833e-02
1.13805e-01 9.50402758e-02
1.15801e-01 9.67053796e-02
1.17798e-01 9.83705890e-02
1.19794e-01 1.00035899e-01
1.21791e-01 1.01701304e-01
1.23787e-01 1.03366801e-01
1.25784e-01 1.05032384e-01
1.27781e-01 1.06698051e-01
1.29777e-01 1.08363796e-01
1.31774e-01 1.10029617e-01
1.33770e-01 1.11695510e-01
1.35767e-01 1.13361473e-01
1.37763e-01 1.15027501e-01
1.39760e-01 1.16693593e-01
1.41757e-01 1.18359745e-01
1.43753e-01 1.20025956e-01
1.45750e-01 1.21692223e-01
1.47746e-01 1.23358543e-01
1.49743e-01 1.25024915e-01
1.51739e-01 1.26691336e-01
1.53736e-01 1.28357804e-01
1.55733e-01 1.30024319e-01
1.57729e-01 1.31690877e-01
1.59726e-01 1.33357478e-01
1.61722e-01 1.35024120e-01
1.63719e-01 1.36690801e-01
1.65715e-01 1.38357520e-01
1.67712e-01 1.40024276e-01
1.69709e-01 1.41691067e-01
1.71705e-01 1.43357892e-01
1.73702e-01 1.45024750e-01
1.75698e-01 1.46691640e-01
1.77695e-01 1.48358561e-01
1.79691e-01 1.50025511e-01
1.81688e-01 1.51692491e-01
1.83685e-01 1.53359498e-01
1.85681e-01 1.55026532e-01
1.87678e-01 1.56693592e-01
1.89674e-01 1.58360677e-01
1.91671e-01 1.60027787e-01
1.93667e-01 1.61694920e-01
1.95664e-01 1.63362077e-01
1.97661e-01 1.65029256e-01
1.99657e-01 1.66696456e-01
2.01654e-01 1.68363678e-01
2.03650e-01 1.70030920e-01
2.05647e-01 1.71698181e-01
2.07643e-01 1.73365462e-01
2.09640e-01 1.75032762e-01
2.11637e-01 1.76700080e-01
2.13633e-01 1.78367415e-01
2.15630e-01 1.80034768e-01
2.17626e-01 1.81702137e-01
2.19623e-01 1.83369522e-01
2.21619e-01 1.85036924e-01
2.23616e-01 1.86704340e-01
2.25613e-01 1.88371772e-01
2.27609e-01 1.90039218e-01
2.29606e-01 1.91706678e-01
2.31602e-01 1.93374153e-01
2.33599e-01 1.95041640e-01
2.35595e-01 1.96709141e-01
2.37592e-01 1.98376655e-01
2.39589e-01 2.00044181e-01
2.41585e-01 2.01711719e-01
2.43582e-01 2.03379269e-01
2.45578e-01 2.05046831e-01
2.47575e-01 2.06714404e-01
2.49571e-01 2.08381988e-01
2.51568e-01 2.10049583e-01
2.53565e-01 2.11717188e-01
2.55561e-01 2.13384804e-01
2.57558e-01 2.15052430e-01
2.59554e-01 2.16720065e-01
2.61551e-01 2.18387710e-01
2.63547e-01 2.20055365e-01
2.65544e-01 2.21723028e-01
2.67541e-01 2.23390701e-01
2.69537e-01 2.25058382e-01
2.71534e-01 2.26726072e-01
2.73530e-01 2.28393770e-01
2.75527e-01 2.30061476e-01
2.77523e-01 2.31729191e-01
2.79520e-01 2.33396913e-01
2.81517e-01 2.35064643e-01
2.83513e-01 2.36732380e-01
2.85510e-01 2.38400125e-01
2.87506e-01 2.40067877e-01
2.89503e-01 2.41735636e-01
2.91499e-01 2.43403402e-01
2.93496e-01 2.45071174e-01
2.95493e-01 2.46738954e-01
2.97489e-01 2.48406739e-01
2.99486e-01 2.50074531e-01
3.01482e-01 2.51742330e-01
3.03479e-01 2.53410134e-01
3.05475e-01 2.55077945e-01
3.07472e-01 2.56745761e-01
3.09469e-01 2.58413583e-01
3.11465e-01 2.60081411e-01
3.13462e-01 2.61749244e-01
3.15458e-01 2.63417083e-01
3.17455e-01 2.65084927e-01
3.19451e-01 2.66752776e-01
3.21448e-01 2.68420631e-01
3.23445e-01 2.70088490e-01
3.25441e-01 2.71756355e-01
3.27438e-01 2.73424224e-01
3.29434e-01 2.75092098e-01
3.31431e-01 2.76759977e-01
3.33427e-01 2.78427860e-01
3.35424e-01 2.80095748e-01
3.37421e-01 2.81763640e-01
3.39417e-01 2.83431537e-01
3.41414e-01 2.85099438e-01
3.43410e-01 2.86767343e-01
3.45407e-01 2.88435252e-01
3.47403e-01 2.90103166e-01
3.49400e-01 2.91771083e-01
3.51397e-01 2.93439004e-01
3.53393e-01 2.95106929e-01
3.55390e-01 2.96774858e-01
3.57386e-01 2.98442791e-01
3.59383e-01 3.00110727e-01
3.61379e-01 3.01778667e-01
3.63376e-01 3.03446611e-01
3.65373e-01 3.05114558e-01
3.67369e-01 3.06782508e-01
3.69366e-01 3.08450462e-01
3.71362e-01 3.10118419e-01
3.73359e-01 3.11786379e-01
3.75355e-01 3.13454343e-01
3.77352e-01 3.15122309e-01
3.79349e-01 3.16790279e-01
3.81345e-01 3.18458252e-01
3.83342e-01 3.20126228e-01
3.85338e-01 3.21794207e-01
3.87335e-01 3.23462189e-01
3.89331e-01 3.25130174e-01
3.91328e-01 3.26798161e-01
3.93325e-01 3.28466152e-01
3.95321e-01 3.30134145e-01
3.97318e-01 3.31802140e-01
